total_metrics:
  number_of_movements: 16
  pace_movements_per_second: 0.26135249918327347
  mean_movement_range_degrees: 120.13625586376429
  std_movement_range_degrees: 48.15975605227093
  mean_movement_duration_seconds: 0.76687475
  std_movement_duration_seconds: 0.35651486598298626
  Exersice_duration: 61.22
  movement_duration: [1.5, 0.899999, 0.3, 0.909999, 1.059999, 0.68, 0.76, 0.49, 0.24, 1.09, 0.74, 0.36, 1.29, 0.699999, 0.43, 0.82]

