total_metrics:
  number_of_movements: 7
  pace_movements_per_second: 0.4660452729693742
  mean_movement_range_degrees: 112.34058457085085
  std_movement_range_degrees: 49.09677653769368
  mean_movement_duration_seconds: 0.9228568571428573
  std_movement_duration_seconds: 0.6720791878656434
  Exersice_duration: 15.02
  movement_duration: [0.909999, 1.059999, 0.68, 0.76, 0.49, 0.24, 2.32]

