(Joint(type=PyNuitrack.py_nuitrack.JointType.head, confidence=0.75, real=array([-127.59888,  234.31584, 1556.3839 ], dtype=float32), projection=array([ 268.84692,  146.06522, 1556.3839 ], dtype=float32), orientation=array([[ 0.38744187, -0.40633446,  0.827515  ],
       [ 0.2942463 ,  0.90518034,  0.30670455],
       [-0.8736749 ,  0.12466304,  0.47026718]], dtype=float32)), Joint(type=PyNuitrack.py_nuitrack.JointType.neck, confidence=0.75, real=array([ -76.50274,  142.67789, 1514.9468 ], dtype=float32), projection=array([ 288.49197,  181.23743, 1514.9468 ], dtype=float32), orientation=array([[ 0.38744187, -0.40633446,  0.827515  ],
       [ 0.2942463 ,  0.90518034,  0.30670455],
       [-0.8736749 ,  0.12466304,  0.47026718]], dtype=float32)), Joint(type=PyNuitrack.py_nuitrack.JointType.torso, confidence=0.75, real=array([  19.542763, -142.93689 , 1460.0095  ], dtype=float32), projection=array([ 328.35168,  301.08438, 1460.0095 ], dtype=float32), orientation=array([[ 0.38744187, -0.26802695,  0.8820716 ],
       [ 0.2942463 ,  0.9427114 ,  0.15720801],
       [-0.8736749 ,  0.19863735,  0.4441118 ]], dtype=float32)), Joint(type=PyNuitrack.py_nuitrack.JointType.waist, confidence=0.75, real=array([  35.301476, -322.10028 , 1412.3085  ], dtype=float32), projection=array([ 335.5957,  382.2994, 1412.3085], dtype=float32), orientation=array([[ 0.38744187, -0.14076127,  0.91108453],
       [ 0.2942463 ,  0.955465  ,  0.02248872],
       [-0.8736749 ,  0.25937018,  0.41160563]], dtype=float32)), Joint(type=PyNuitrack.py_nuitrack.JointType.left_collar, confidence=0.75, real=array([ -52.40691,   71.02305, 1501.1642 ], dtype=float32), projection=array([ 298.2178 ,  210.48026, 1501.1642 ], dtype=float32), orientation=array([[ 0.41731   , -0.21863675,  0.8820716 ],
       [ 0.17675774,  0.9716184 ,  0.15720801],
       [-0.8914085 ,  0.09030852,  0.4441118 ]], dtype=float32)), Joint(type=PyNuitrack.py_nuitrack.JointType.left_shoulder, confidence=0.75, real=array([  -7.4696426,   97.04972  , 1348.9626   ], dtype=float32), projection=array([ 316.54504,  195.11142, 1348.9626 ], dtype=float32), orientation=array([[-0.30846882, -0.22364184,  0.92457086],
       [-0.79741603,  0.59072864, -0.12315588],
       [-0.51862764, -0.7752574 , -0.36055696]], dtype=float32)), Joint(type=PyNuitrack.py_nuitrack.JointType.left_elbow, confidence=0.75, real=array([ -65.6537, -112.244 , 1215.1948], dtype=float32), projection=array([ 286.2903 ,  297.63135, 1215.1948 ], dtype=float32), orientation=array([[-0.94970626, -0.22364184, -0.2191857 ],
       [ 0.04679875,  0.59072864, -0.805512  ],
       [ 0.30962545, -0.7752574 , -0.5505525 ]], dtype=float32)), Joint(type=PyNuitrack.py_nuitrack.JointType.left_wrist, confidence=0.75, real=array([-283.90625,  -92.37471, 1294.0085 ], dtype=float32), projection=array([ 183.10759,  284.54074, 1294.0085 ], dtype=float32), orientation=array([[-0.94970626, -0.22364184, -0.2191857 ],
       [ 0.04679875,  0.59072864, -0.805512  ],
       [ 0.30962545, -0.7752574 , -0.5505525 ]], dtype=float32)), Joint(type=PyNuitrack.py_nuitrack.JointType.left_hand, confidence=0.0, real=array([-373.14145,  -84.25091, 1326.2325 ], dtype=float32), projection=array([ 144.45221,  279.6366 , 1326.2325 ], dtype=float32), orientation=array([[-0.94970626, -0.22364184, -0.2191857 ],
       [ 0.04679875,  0.59072864, -0.805512  ],
       [ 0.30962545, -0.7752574 , -0.5505525 ]], dtype=float32)), Joint(type=PyNuitrack.py_nuitrack.JointType.right_collar, confidence=0.75, real=array([ -52.40691,   71.02305, 1501.1642 ], dtype=float32), projection=array([ 298.2178 ,  210.48026, 1501.1642 ], dtype=float32), orientation=array([[ 0.41731   , -0.21863675,  0.8820716 ],
       [ 0.17675774,  0.9716184 ,  0.15720801],
       [-0.8914085 ,  0.09030852,  0.4441118 ]], dtype=float32)), Joint(type=PyNuitrack.py_nuitrack.JointType.right_shoulder, confidence=0.75, real=array([ -84.971535,   37.337036, 1667.3601  ], dtype=float32), projection=array([ 288.20303,  226.02821, 1667.3601 ], dtype=float32), orientation=array([[ 0.2548857 ,  0.26844624,  0.92896175],
       [ 0.96558523, -0.0192411 , -0.25937417],
       [-0.05175377,  0.96310246, -0.264112  ]], dtype=float32)), Joint(type=PyNuitrack.py_nuitrack.JointType.right_elbow, confidence=0.0, real=array([ -84.971535, -217.77684 , 1667.3601  ], dtype=float32), projection=array([ 288.20303,  321.49365, 1667.3601 ], dtype=float32), orientation=array([[ 0.79241043,  0.26844624, -0.54774296],
       [-0.5640899 , -0.0192411 , -0.82548916],
       [-0.23213863,  0.96310246,  0.13618097]], dtype=float32)), Joint(type=PyNuitrack.py_nuitrack.JointType.right_wrist, confidence=0.0, real=array([ -84.971535, -450.6729  , 1667.3601  ], dtype=float32), projection=array([ 288.20303,  408.64505, 1667.3601 ], dtype=float32), orientation=array([[ 0.79241043,  0.26844624, -0.54774296],
       [-0.5640899 , -0.0192411 , -0.82548916],
       [-0.23213863,  0.96310246,  0.13618097]], dtype=float32)), Joint(type=PyNuitrack.py_nuitrack.JointType.right_hand, confidence=0.0, real=array([ -84.971535, -545.89526 , 1667.3601  ], dtype=float32), projection=array([ 288.20303,  444.27795, 1667.3601 ], dtype=float32), orientation=array([[ 0.79241043,  0.26844624, -0.54774296],
       [-0.5640899 , -0.0192411 , -0.82548916],
       [-0.23213863,  0.96310246,  0.13618097]], dtype=float32)), Joint(type=PyNuitrack.py_nuitrack.JointType.left_hip, confidence=0.75, real=array([ 121.40788, -336.43573, 1349.6996 ], dtype=float32), projection=array([ 376.12433,  395.52728, 1349.6996 ], dtype=float32), orientation=array([[ 4.1221946e-01,  2.4060353e-04,  9.1108453e-01],
       [-5.0287202e-02,  9.9848157e-01,  2.2488721e-02],
       [-9.0969574e-01, -5.5086181e-02,  4.1160563e-01]], dtype=float32)), Joint(type=PyNuitrack.py_nuitrack.JointType.left_knee, confidence=0.0, real=array([ 121.40788, -717.65985, 1349.6996 ], dtype=float32), projection=array([ 376.12433,  571.7593 , 1349.6996 ], dtype=float32), orientation=array([[ 0.41221946, -0.15797122,  0.8972849 ],
       [-0.0502872 ,  0.97940725,  0.19553158],
       [-0.90969574, -0.12572387,  0.3957868 ]], dtype=float32)), Joint(type=PyNuitrack.py_nuitrack.JointType.left_ankle, confidence=0.0, real=array([  121.40788, -1076.2588 ,  1349.6996 ], dtype=float32), projection=array([ 376.12433,  737.53217, 1349.6996 ], dtype=float32), orientation=array([[ 0.41221946, -0.15797122,  0.8972849 ],
       [-0.0502872 ,  0.97940725,  0.19553158],
       [-0.90969574, -0.12572387,  0.3957868 ]], dtype=float32)), Joint(type=PyNuitrack.py_nuitrack.JointType.right_hip, confidence=0.75, real=array([ -71.60549, -318.66803, 1457.9232 ], dtype=float32), projection=array([ 289.35544,  376.37833, 1457.9232 ], dtype=float32), orientation=array([[ 0.38744187, -0.14076127,  0.91108453],
       [ 0.2942463 ,  0.955465  ,  0.02248872],
       [-0.8736749 ,  0.25937018,  0.41160563]], dtype=float32)), Joint(type=PyNuitrack.py_nuitrack.JointType.right_knee, confidence=0.0, real=array([ -71.60549, -699.89215, 1457.9232 ], dtype=float32), projection=array([ 289.35544,  539.52844, 1457.9232 ], dtype=float32), orientation=array([[ 0.38744187, -0.29683095,  0.8728002 ],
       [ 0.2942463 ,  0.9370442 ,  0.18806182],
       [-0.8736749 ,  0.1839552 ,  0.4503916 ]], dtype=float32)), Joint(type=PyNuitrack.py_nuitrack.JointType.right_ankle, confidence=0.0, real=array([  -71.60549, -1058.491  ,  1457.9232 ], dtype=float32), projection=array([ 289.35544,  692.99567, 1457.9232 ], dtype=float32), orientation=array([[ 0.38744187, -0.29683095,  0.8728002 ],
       [ 0.2942463 ,  0.9370442 ,  0.18806182],
       [-0.8736749 ,  0.1839552 ,  0.4503916 ]], dtype=float32)))
