total_metrics:
  number_of_movements: 5
  pace_movements_per_second: 312500.0
  mean_combined_range_degrees: 105.29614364402448
  std_combined_range_degrees: 69.50832566730082
  mean_duration_seconds: 4e-07
  std_duration_seconds: 5.47722557505166e-07

