total_metrics:
  number_of_movements: 22
  pace_movements_per_second: 361.90162855732854
  mean_movement_range_degrees: 54.67722905893802
  std_movement_range_degrees: 59.03559376638532
  mean_movement_duration_seconds: 0.0013536363636363635
  std_movement_duration_seconds: 0.0007383607677664242
  Exersice_duration: 0.06079
  movement_duration: [0.00116, 0.00091, 0.00172, 0.00045, 0.001, 0.00099, 0.00104, 0.00094, 0.00126, 0.00115, 0.00094, 0.00123, 0.00112, 0.00145, 0.00085, 0.00203, 0.00108, 0.00195, 0.00135, 0.00096, 0.00209, 0.00411]

