total_metrics:
  number_of_movements: 14
  pace_movements_per_second: 230.14959723820482
  mean_movement_range_degrees: 62.565783679796404
  std_movement_range_degrees: 64.73144071027775
  mean_movement_duration_seconds: 0.0008620714285714287
  std_movement_duration_seconds: 0.0004993072838806418
  Exersice_duration: 0.06083
  movement_duration: [0.00066, 0.00095, 0.00033, 0.00078, 0.00111, 0.00055, 0.00098, 0.00103, 0.00238, 0.00096, 0.00043, 0.000479, 0.00064, 0.00079]

