total_metrics:
  number_of_movements: 17
  pace_movements_per_second: 283333.3333333333
  mean_combined_range_degrees: 55.615430511555985
  std_combined_range_degrees: 57.6478479138951
  mean_duration_seconds: 8.823529411764705e-07
  std_duration_seconds: 7.812132344290251e-07

