total_metrics:
  number_of_movements: 7
  pace_movements_per_second: 277.99841143764894
  mean_movement_range_degrees: 94.95134170871248
  std_movement_range_degrees: 44.58853603847248
  mean_movement_duration_seconds: 0.00055
  std_movement_duration_seconds: 0.0002982728057779768
  Exersice_duration: 0.02518
  movement_duration: [0.00097, 0.00041, 0.0008, 0.00039, 0.00079, 0.00019, 0.0003]

