total_metrics:
  number_of_movements: 10
  pace_movements_per_second: 166.00265604249668
  mean_movement_range_degrees: 137.19262721106634
  std_movement_range_degrees: 46.81492979643788
  mean_movement_duration_seconds: 0.0008889999999999998
  std_movement_duration_seconds: 0.0005115651365064756
  Exersice_duration: 0.06024
  movement_duration: [0.00127, 0.00054, 0.00082, 0.00103, 0.0004, 0.00203, 0.00039, 0.00112, 0.00042, 0.00087]

