total_metrics:
  number_of_movements: 29
  pace_movements_per_second: 475409.8360655738
  mean_range_degrees: 0.381037978583824
  std_range_degrees: 0.3077853766754452
  mean_duration_seconds: 6.551724137931035e-07
  std_duration_seconds: 8.974512350049014e-07

