Device,MAC,Timestamp,Time(03:00),Elapsed(s),W(number),X(number),Y (number),Z (number)
etaWear,FEAC84C53DE7,1722504623411,2024-08-01T12:30:23.411,0.00000000000,0.86017436000,0.02389847000,-0.50943970000,0.00001597731
etaWear,FEAC84C53DE7,1722504623421,2024-08-01T12:30:23.421,0.01000000000,0.86013895000,0.02379451100,-0.50950430000,0.00001401113
etaWear,FEAC84C53DE7,1722504623431,2024-08-01T12:30:23.431,0.02000000000,0.86010580000,0.02373465700,-0.50956327000,-0.00002188640
etaWear,FEAC84C53DE7,1722504623441,2024-08-01T12:30:23.441,0.03000000000,0.86006665000,0.02373308100,-0.50962950000,-0.00002280449
etaWear,FEAC84C53DE7,1722504623451,2024-08-01T12:30:23.451,0.04000000000,0.86002120000,0.02373210700,-0.50970626000,-0.00002435764
etaWear,FEAC84C53DE7,1722504623461,2024-08-01T12:30:23.461,0.05000000000,0.85997320000,0.02373060400,-0.50978730000,-0.00002572767
etaWear,FEAC84C53DE7,1722504623471,2024-08-01T12:30:23.471,0.06000000000,0.85993580000,0.02372887400,-0.50985020000,-0.00002646445
etaWear,FEAC84C53DE7,1722504623481,2024-08-01T12:30:23.481,0.07000000000,0.85989850000,0.02370066800,-0.50991450000,0.00001785369
etaWear,FEAC84C53DE7,1722504623491,2024-08-01T12:30:23.491,0.08000000000,0.85986054000,0.02366968600,-0.50998000000,0.00006678136
etaWear,FEAC84C53DE7,1722504623501,2024-08-01T12:30:23.501,0.09000000000,0.85985976000,0.02363700400,-0.50998280000,0.00012075586
etaWear,FEAC84C53DE7,1722504623511,2024-08-01T12:30:23.511,0.10000000000,0.85985917000,0.02360086700,-0.50998557000,0.00018036070
etaWear,FEAC84C53DE7,1722504623521,2024-08-01T12:30:23.521,0.11000000000,0.85985880000,0.02356656000,-0.50998780000,0.00023635372
etaWear,FEAC84C53DE7,1722504623531,2024-08-01T12:30:23.531,0.12000000000,0.85985640000,0.02360862000,-0.50998974000,0.00034657796
etaWear,FEAC84C53DE7,1722504623541,2024-08-01T12:30:23.541,0.13000000000,0.85985350000,0.02367761700,-0.50999140000,0.00046728158
etaWear,FEAC84C53DE7,1722504623551,2024-08-01T12:30:23.551,0.14000000000,0.85985060000,0.02372985000,-0.50999370000,0.00059599810
etaWear,FEAC84C53DE7,1722504623561,2024-08-01T12:30:23.561,0.15000000000,0.85984820000,0.02375163000,-0.50999653000,0.00072211726
etaWear,FEAC84C53DE7,1722504623571,2024-08-01T12:30:23.571,0.16000000000,0.85984810000,0.02370356800,-0.50999890000,0.00080343394
etaWear,FEAC84C53DE7,1722504623581,2024-08-01T12:30:23.581,0.17000000000,0.85984790000,0.02365524700,-0.51000110000,0.00088489836
etaWear,FEAC84C53DE7,1722504623591,2024-08-01T12:30:23.591,0.18000000000,0.85984610000,0.02368308200,-0.51000273000,0.00099292340
etaWear,FEAC84C53DE7,1722504623601,2024-08-01T12:30:23.601,0.19000000000,0.85984373000,0.02372633300,-0.51000446000,0.00111621620
etaWear,FEAC84C53DE7,1722504623611,2024-08-01T12:30:23.611,0.20000000000,0.85984110000,0.02378206500,-0.51000607000,0.00122867940
etaWear,FEAC84C53DE7,1722504623621,2024-08-01T12:30:23.621,0.21000000000,0.85983790000,0.02386460600,-0.51000730000,0.00134313400
etaWear,FEAC84C53DE7,1722504623631,2024-08-01T12:30:23.631,0.22000000000,0.85983450000,0.02395858400,-0.51000834000,0.00146461870
etaWear,FEAC84C53DE7,1722504623641,2024-08-01T12:30:23.641,0.23000000000,0.85983187000,0.02405528500,-0.51000804000,0.00152000610
etaWear,FEAC84C53DE7,1722504623651,2024-08-01T12:30:23.651,0.24000000000,0.85982940000,0.02413886600,-0.51000816000,0.00156707830
etaWear,FEAC84C53DE7,1722504623661,2024-08-01T12:30:23.661,0.25000000000,0.85982686000,0.02420142900,-0.51000917000,0.00166131330
etaWear,FEAC84C53DE7,1722504623411,2024-08-01T12:30:23.411,0.00000000000,0.86017436000,0.02389847000,-0.50943970000,0.00001597731
etaWear,FEAC84C53DE7,1722504623421,2024-08-01T12:30:23.421,0.01000000000,0.86013895000,0.02379451100,-0.50950430000,0.00001401113
etaWear,FEAC84C53DE7,1722504623431,2024-08-01T12:30:23.431,0.02000000000,0.86010580000,0.02373465700,-0.50956327000,-0.00002188640
etaWear,FEAC84C53DE7,1722504623441,2024-08-01T12:30:23.441,0.03000000000,0.86006665000,0.02373308100,-0.50962950000,-0.00002280449
etaWear,FEAC84C53DE7,1722504623451,2024-08-01T12:30:23.451,0.04000000000,0.86002120000,0.02373210700,-0.50970626000,-0.00002435764
etaWear,FEAC84C53DE7,1722504623461,2024-08-01T12:30:23.461,0.05000000000,0.85997320000,0.02373060400,-0.50978730000,-0.00002572767
etaWear,FEAC84C53DE7,1722504623471,2024-08-01T12:30:23.471,0.06000000000,0.85993580000,0.02372887400,-0.50985020000,-0.00002646445
etaWear,FEAC84C53DE7,1722504623481,2024-08-01T12:30:23.481,0.07000000000,0.85989850000,0.02370066800,-0.50991450000,0.00001785369
etaWear,FEAC84C53DE7,1722504623491,2024-08-01T12:30:23.491,0.08000000000,0.85986054000,0.02366968600,-0.50998000000,0.00006678136
etaWear,FEAC84C53DE7,1722504623501,2024-08-01T12:30:23.501,0.09000000000,0.85985976000,0.02363700400,-0.50998280000,0.00012075586
etaWear,FEAC84C53DE7,1722504623511,2024-08-01T12:30:23.511,0.10000000000,0.85985917000,0.02360086700,-0.50998557000,0.00018036070
etaWear,FEAC84C53DE7,1722504623521,2024-08-01T12:30:23.521,0.11000000000,0.85985880000,0.02356656000,-0.50998780000,0.00023635372
etaWear,FEAC84C53DE7,1722504623531,2024-08-01T12:30:23.531,0.12000000000,0.85985640000,0.02360862000,-0.50998974000,0.00034657796
etaWear,FEAC84C53DE7,1722504623541,2024-08-01T12:30:23.541,0.13000000000,0.85985350000,0.02367761700,-0.50999140000,0.00046728158
etaWear,FEAC84C53DE7,1722504623551,2024-08-01T12:30:23.551,0.14000000000,0.85985060000,0.02372985000,-0.50999370000,0.00059599810
etaWear,FEAC84C53DE7,1722504623561,2024-08-01T12:30:23.561,0.15000000000,0.85984820000,0.02375163000,-0.50999653000,0.00072211726
etaWear,FEAC84C53DE7,1722504623571,2024-08-01T12:30:23.571,0.16000000000,0.85984810000,0.02370356800,-0.50999890000,0.00080343394
etaWear,FEAC84C53DE7,1722504623581,2024-08-01T12:30:23.581,0.17000000000,0.85984790000,0.02365524700,-0.51000110000,0.00088489836
etaWear,FEAC84C53DE7,1722504623591,2024-08-01T12:30:23.591,0.18000000000,0.85984610000,0.02368308200,-0.51000273000,0.00099292340
etaWear,FEAC84C53DE7,1722504623601,2024-08-01T12:30:23.601,0.19000000000,0.85984373000,0.02372633300,-0.51000446000,0.00111621620
etaWear,FEAC84C53DE7,1722504623611,2024-08-01T12:30:23.611,0.20000000000,0.85984110000,0.02378206500,-0.51000607000,0.00122867940
etaWear,FEAC84C53DE7,1722504623621,2024-08-01T12:30:23.621,0.21000000000,0.85983790000,0.02386460600,-0.51000730000,0.00134313400
etaWear,FEAC84C53DE7,1722504623631,2024-08-01T12:30:23.631,0.22000000000,0.85983450000,0.02395858400,-0.51000834000,0.00146461870
etaWear,FEAC84C53DE7,1722504623641,2024-08-01T12:30:23.641,0.23000000000,0.85983187000,0.02405528500,-0.51000804000,0.00152000610
etaWear,FEAC84C53DE7,1722504623651,2024-08-01T12:30:23.651,0.24000000000,0.85982940000,0.02413886600,-0.51000816000,0.00156707830
etaWear,FEAC84C53DE7,1722504623661,2024-08-01T12:30:23.661,0.25000000000,0.85982686000,0.02420142900,-0.51000917000,0.00166131330
MetaWear,FEAC84C53DE7,1722504623671,2024-08-01T12:30:23.671,0.26000000000,0.85982436000,0.02425223200,-0.51001054000,0.00174642600
etaWear,FEAC84C53DE7,1722504623681,2024-08-01T12:30:23.681,0.27000000000,0.85982215000,0.02428533300,-0.51001250000,0.00182057810
etaWear,FEAC84C53DE7,1722504623691,2024-08-01T12:30:23.691,0.28000000000,0.85982030000,0.02431580600,-0.51001380000,0.00190555610
etaWear,FEAC84C53DE7,1722504623701,2024-08-01T12:30:23.701,0.29000000000,0.85981910000,0.02432861200,-0.51001495000,0.00200100430
etaWear,FEAC84C53DE7,1722504623711,2024-08-01T12:30:23.711,0.30000000000,0.85981890000,0.02427982700,-0.51001734000,0.00208567530
etaWear,FEAC84C53DE7,1722504623721,2024-08-01T12:30:23.721,0.31000000000,0.85981860000,0.02422739800,-0.51001990000,0.00217544290
etaWear,FEAC84C53DE7,1722504623731,2024-08-01T12:30:23.731,0.32000000000,0.85984500000,0.02417435500,-0.50997760000,0.00226679120
etaWear,FEAC84C53DE7,1722504623741,2024-08-01T12:30:23.741,0.33000000000,0.85988015000,0.02417749500,-0.50991760000,0.00238451970
etaWear,FEAC84C53DE7,1722504623751,2024-08-01T12:30:23.751,0.34000000000,0.85992660000,0.02419947800,-0.50983770000,0.00250403540
etaWear,FEAC84C53DE7,1722504623761,2024-08-01T12:30:23.761,0.35000000000,0.85997313000,0.02423128700,-0.50975704000,0.00261721130
etaWear,FEAC84C53DE7,1722504623771,2024-08-01T12:30:23.771,0.36000000000,0.86001754000,0.02427030700,-0.50967980000,0.00272839470
etaWear,FEAC84C53DE7,1722504623781,2024-08-01T12:30:23.781,0.37000000000,0.86006004000,0.02430259300,-0.50960577000,0.00282975200
etaWear,FEAC84C53DE7,1722504623791,2024-08-01T12:30:23.791,0.38000000000,0.86009440000,0.02434066500,-0.50954545000,0.00292145650
etaWear,FEAC84C53DE7,1722504623801,2024-08-01T12:30:23.801,0.39000000000,0.86012080000,0.02440685400,-0.50949760000,0.00296230030
etaWear,FEAC84C53DE7,1722504623811,2024-08-01T12:30:23.811,0.40000000000,0.86012053000,0.02447798700,-0.50949436000,0.00300590500
etaWear,FEAC84C53DE7,1722504623821,2024-08-01T12:30:23.821,0.41000000000,0.86011880000,0.02459479100,-0.50949120000,0.00307609600
etaWear,FEAC84C53DE7,1722504623831,2024-08-01T12:30:23.831,0.42000000000,0.86011590000,0.02477244700,-0.50948680000,0.00317994060
etaWear,FEAC84C53DE7,1722504623841,2024-08-01T12:30:23.841,0.43000000000,0.86011460000,0.02495082700,-0.50947970000,0.00328035420
etaWear,FEAC84C53DE7,1722504623851,2024-08-01T12:30:23.851,0.44000000000,0.86011470000,0.02507384700,-0.50947270000,0.00340457260
etaWear,FEAC84C53DE7,1722504623861,2024-08-01T12:30:23.861,0.45000000000,0.86011630000,0.02515836000,-0.50946516000,0.00350996710
etaWear,FEAC84C53DE7,1722504623871,2024-08-01T12:30:23.871,0.46000000000,0.86011840000,0.02518852200,-0.50945973000,0.00357867300
etaWear,FEAC84C53DE7,1722504623881,2024-08-01T12:30:23.881,0.47000000000,0.86011860000,0.02525175200,-0.50945600000,0.00361084900
etaWear,FEAC84C53DE7,1722504623891,2024-08-01T12:30:23.891,0.48000000000,0.86011934000,0.02535322000,-0.50944936000,0.00366320930
etaWear,FEAC84C53DE7,1722504623901,2024-08-01T12:30:23.901,0.49000000000,0.86011970000,0.02548836500,-0.50944155000,0.00373313200
etaWear,FEAC84C53DE7,1722504623911,2024-08-01T12:30:23.911,0.50000000000,0.86011840000,0.02565240500,-0.50943464000,0.00381278000
etaWear,FEAC84C53DE7,1722504623921,2024-08-01T12:30:23.921,0.51000000000,0.86011830000,0.02582007800,-0.50942590000,0.00387949450
etaWear,FEAC84C53DE7,1722504623931,2024-08-01T12:30:23.931,0.52000000000,0.86012300000,0.02588098000,-0.50941426000,0.00396577830
etaWear,FEAC84C53DE7,1722504623941,2024-08-01T12:30:23.941,0.53000000000,0.86013335000,0.02581386300,-0.50939983000,0.00401365150
etaWear,FEAC84C53DE7,1722504623951,2024-08-01T12:30:23.951,0.54000000000,0.86010534000,0.02567832000,-0.50945370000,0.00404734020
etaWear,FEAC84C53DE7,1722504623961,2024-08-01T12:30:23.961,0.55000000000,0.86006390000,0.02554788400,-0.50952977000,0.00409908000
etaWear,FEAC84C53DE7,1722504623971,2024-08-01T12:30:23.971,0.56000000000,0.86000085000,0.02542706000,-0.50964180000,0.00416584800
etaWear,FEAC84C53DE7,1722504623981,2024-08-01T12:30:23.981,0.57000000000,0.85991657000,0.02532527200,-0.50978833000,0.00423615400
etaWear,FEAC84C53DE7,1722504623991,2024-08-01T12:30:23.991,0.58000000000,0.85983145000,0.02527314000,-0.50993377000,0.00432380500
etaWear,FEAC84C53DE7,1722504624001,2024-08-01T12:30:24.001,0.59000000000,0.85975570000,0.02522745000,-0.51006305000,0.00440354100
etaWear,FEAC84C53DE7,1722504624011,2024-08-01T12:30:24.011,0.60000000000,0.85969060000,0.02519068300,-0.51017400000,0.00446966060
etaWear,FEAC84C53DE7,1722504624021,2024-08-01T12:30:24.021,0.61000000000,0.85964644000,0.02510392100,-0.51025250000,0.00448471770
etaWear,FEAC84C53DE7,1722504624031,2024-08-01T12:30:24.031,0.62000000000,0.85961425000,0.02501968700,-0.51031095000,0.00449284260
etaWear,FEAC84C53DE7,1722504624041,2024-08-01T12:30:24.041,0.63000000000,0.85961270000,0.02502055100,-0.51031350000,0.00449239650
etaWear,FEAC84C53DE7,1722504624051,2024-08-01T12:30:24.051,0.64000000000,0.85961110000,0.02502115400,-0.51031620000,0.00449210730
etaWear,FEAC84C53DE7,1722504624061,2024-08-01T12:30:24.061,0.65000000000,0.85960930000,0.02502225200,-0.51031910000,0.00449153300
etaWear,FEAC84C53DE7,1722504624071,2024-08-01T12:30:24.071,0.66000000000,0.85960776000,0.02502368800,-0.51032160000,0.00449074530
etaWear,FEAC84C53DE7,1722504624081,2024-08-01T12:30:24.081,0.67000000000,0.85960640000,0.02502549600,-0.51032380000,0.00448972870
etaWear,FEAC84C53DE7,1722504624091,2024-08-01T12:30:24.091,0.68000000000,0.85960590000,0.02499677400,-0.51032573000,0.00453902200
etaWear,FEAC84C53DE7,1722504624101,2024-08-01T12:30:24.101,0.69000000000,0.85960555000,0.02496259000,-0.51032760000,0.00459740800
etaWear,FEAC84C53DE7,1722504624111,2024-08-01T12:30:24.111,0.70000000000,0.85960340000,0.02497292300,-0.51032966000,0.00470343930
etaWear,FEAC84C53DE7,1722504624121,2024-08-01T12:30:24.121,0.71000000000,0.85960300000,0.02492293500,-0.51033175000,0.00479169800
etaWear,FEAC84C53DE7,1722504624131,2024-08-01T12:30:24.131,0.72000000000,0.85960310000,0.02487164200,-0.51033324000,0.00488364600
etaWear,FEAC84C53DE7,1722504624141,2024-08-01T12:30:24.141,0.73000000000,0.85960210000,0.02486304800,-0.51033420000,0.00500688560
etaWear,FEAC84C53DE7,1722504624151,2024-08-01T12:30:24.151,0.74000000000,0.85960080000,0.02486616000,-0.51033485000,0.00514514000
etaWear,FEAC84C53DE7,1722504624161,2024-08-01T12:30:24.161,0.75000000000,0.85960110000,0.02481801400,-0.51033580000,0.00523813000
etaWear,FEAC84C53DE7,1722504624171,2024-08-01T12:30:24.171,0.76000000000,0.85960100000,0.02476592200,-0.51033740000,0.00533803230
etaWear,FEAC84C53DE7,1722504624181,2024-08-01T12:30:24.181,0.77000000000,0.85960114000,0.02471246400,-0.51033880000,0.00544004140
etaWear,FEAC84C53DE7,1722504624191,2024-08-01T12:30:24.191,0.78000000000,0.85960376000,0.02461229600,-0.51033850000,0.00550478040
etaWear,FEAC84C53DE7,1722504624201,2024-08-01T12:30:24.201,0.79000000000,0.85957986000,0.02450779800,-0.51038310000,0.00556266100
etaWear,FEAC84C53DE7,1722504624211,2024-08-01T12:30:24.211,0.80000000000,0.85954654000,0.02440953300,-0.51044330000,0.00562730400
etaWear,FEAC84C53DE7,1722504624221,2024-08-01T12:30:24.221,0.81000000000,0.85950530000,0.02430718600,-0.51051720000,0.00567744070
etaWear,FEAC84C53DE7,1722504624231,2024-08-01T12:30:24.231,0.82000000000,0.85945630000,0.02421678400,-0.51060313000,0.00572803660
etaWear,FEAC84C53DE7,1722504624241,2024-08-01T12:30:24.241,0.83000000000,0.85939980000,0.02417466800,-0.51069950000,0.00579757430
etaWear,FEAC84C53DE7,1722504624251,2024-08-01T12:30:24.251,0.84000000000,0.85934560000,0.02413769000,-0.51079180000,0.00585833240
etaWear,FEAC84C53DE7,1722504624261,2024-08-01T12:30:24.261,0.85000000000,0.85929126000,0.02410343500,-0.51088417000,0.00591455200
etaWear,FEAC84C53DE7,1722504624271,2024-08-01T12:30:24.271,0.86000000000,0.85923950000,0.02406665900,-0.51097226000,0.00597530700
etaWear,FEAC84C53DE7,1722504624281,2024-08-01T12:30:24.281,0.87000000000,0.85919000000,0.02403057600,-0.51105640000,0.00603576840
etaWear,FEAC84C53DE7,1722504624291,2024-08-01T12:30:24.291,0.88000000000,0.85914344000,0.02399615600,-0.51113564000,0.00609465000
etaWear,FEAC84C53DE7,1722504624301,2024-08-01T12:30:24.301,0.89000000000,0.85909790000,0.02396192400,-0.51121306000,0.00615427900
etaWear,FEAC84C53DE7,1722504624311,2024-08-01T12:30:24.311,0.90000000000,0.85906090000,0.02391933300,-0.51127636000,0.00622794260
etaWear,FEAC84C53DE7,1722504624321,2024-08-01T12:30:24.321,0.91000000000,0.85902720000,0.02387600200,-0.51133406000,0.00630212700
etaWear,FEAC84C53DE7,1722504624331,2024-08-01T12:30:24.331,0.92000000000,0.85899840000,0.02383284000,-0.51138360000,0.00637644000
etaWear,FEAC84C53DE7,1722504624341,2024-08-01T12:30:24.341,0.93000000000,0.85899574000,0.02378442500,-0.51138930000,0.00646080200
etaWear,FEAC84C53DE7,1722504624351,2024-08-01T12:30:24.351,0.94000000000,0.85899310000,0.02373792000,-0.51139470000,0.00654299200
etaWear,FEAC84C53DE7,1722504624361,2024-08-01T12:30:24.361,0.95000000000,0.85898950000,0.02369828300,-0.51140165000,0.00661631900
etaWear,FEAC84C53DE7,1722504624371,2024-08-01T12:30:24.371,0.96000000000,0.85898390000,0.02366132500,-0.51141185000,0.00668521130
etaWear,FEAC84C53DE7,1722504624381,2024-08-01T12:30:24.381,0.97000000000,0.85897950000,0.02362113400,-0.51142000000,0.00675889430
etaWear,FEAC84C53DE7,1722504624391,2024-08-01T12:30:24.391,0.98000000000,0.85897550000,0.02358462700,-0.51142764000,0.00682745700
etaWear,FEAC84C53DE7,1722504624401,2024-08-01T12:30:24.401,0.99000000000,0.85897160000,0.02354705700,-0.51143503000,0.00689664250
etaWear,FEAC84C53DE7,1722504624411,2024-08-01T12:30:24.411,1.00000000000,0.85896856000,0.02351143600,-0.51144093000,0.00696090900
etaWear,FEAC84C53DE7,1722504624421,2024-08-01T12:30:24.421,1.01000000000,0.85894080000,0.02347366700,-0.51148844000,0.00702371080
etaWear,FEAC84C53DE7,1722504624431,2024-08-01T12:30:24.431,1.02000000000,0.85894024000,0.02343667300,-0.51149010000,0.00708583460
MetaWear,FEAC84C53DE7,1722504624871,2024-08-01T12:30:24.871,1.46000000000,0.86026186000,0.02360162300,-0.50922280000,0.00920253800
etaWear,FEAC84C53DE7,1722504624881,2024-08-01T12:30:24.881,1.47000000000,0.86026000000,0.02366954500,-0.50922210000,0.00924274300
etaWear,FEAC84C53DE7,1722504624891,2024-08-01T12:30:24.891,1.48000000000,0.86025876000,0.02371482600,-0.50922160000,0.00926954700
etaWear,FEAC84C53DE7,1722504624901,2024-08-01T12:30:24.901,1.49000000000,0.86028606000,0.02377207400,-0.50917214000,0.00930509300
etaWear,FEAC84C53DE7,1722504624911,2024-08-01T12:30:24.911,1.50000000000,0.86031060000,0.02385309200,-0.50912595000,0.00935458700
etaWear,FEAC84C53DE7,1722504624921,2024-08-01T12:30:24.921,1.51000000000,0.86033620000,0.02389788300,-0.50908020000,0.00938264100
etaWear,FEAC84C53DE7,1722504624931,2024-08-01T12:30:24.931,1.52000000000,0.86036570000,0.02389733900,-0.50903034000,0.00938402500
etaWear,FEAC84C53DE7,1722504624941,2024-08-01T12:30:24.941,1.53000000000,0.86039720000,0.02386459300,-0.50897750000,0.00943987800
etaWear,FEAC84C53DE7,1722504624951,2024-08-01T12:30:24.951,1.54000000000,0.86042607000,0.02383189800,-0.50892913000,0.00949560600
etaWear,FEAC84C53DE7,1722504624961,2024-08-01T12:30:24.961,1.55000000000,0.86046020000,0.02379642400,-0.50887185000,0.00955611300
etaWear,FEAC84C53DE7,1722504624971,2024-08-01T12:30:24.971,1.56000000000,0.86049896000,0.02375624900,-0.50880700000,0.00962463600
etaWear,FEAC84C53DE7,1722504624981,2024-08-01T12:30:24.981,1.57000000000,0.86054647000,0.02371784100,-0.50872720000,0.00969029800
etaWear,FEAC84C53DE7,1722504624991,2024-08-01T12:30:24.991,1.58000000000,0.86061007000,0.02368180600,-0.50862010000,0.00975217900
etaWear,FEAC84C53DE7,1722504625001,2024-08-01T12:30:25.001,1.59000000000,0.86068720000,0.02365354600,-0.50848997000,0.00980109300
etaWear,FEAC84C53DE7,1722504625011,2024-08-01T12:30:25.011,1.60000000000,0.86077017000,0.02365194600,-0.50834954000,0.00980495200
etaWear,FEAC84C53DE7,1722504625021,2024-08-01T12:30:25.021,1.61000000000,0.86086110000,0.02365019200,-0.50819550000,0.00980918500
etaWear,FEAC84C53DE7,1722504625031,2024-08-01T12:30:25.031,1.62000000000,0.86094517000,0.02364857000,-0.50805320000,0.00981309450
etaWear,FEAC84C53DE7,1722504625041,2024-08-01T12:30:25.041,1.63000000000,0.86102980000,0.02358352400,-0.50791340000,0.00977951400
etaWear,FEAC84C53DE7,1722504625051,2024-08-01T12:30:25.051,1.64000000000,0.86110973000,0.02349138400,-0.50778294000,0.00972964300
etaWear,FEAC84C53DE7,1722504625061,2024-08-01T12:30:25.061,1.65000000000,0.86117900000,0.02339945400,-0.50767064000,0.00967927800
etaWear,FEAC84C53DE7,1722504625071,2024-08-01T12:30:25.071,1.66000000000,0.86124045000,0.02329860800,-0.50757205000,0.00962319900
etaWear,FEAC84C53DE7,1722504625081,2024-08-01T12:30:25.081,1.67000000000,0.86130166000,0.02320682800,-0.50747335000,0.00957246300
etaWear,FEAC84C53DE7,1722504625091,2024-08-01T12:30:25.091,1.68000000000,0.86135020000,0.02315699100,-0.50739380000,0.00954578300
MetaWear,FEAC84C53DE7,1722504625101,2024-08-01T12:30:25.101,1.69000000000,0.86139290000,0.02315618700,-0.50732124000,0.00954773300
etaWear,FEAC84C53DE7,1722504625111,2024-08-01T12:30:25.111,1.70000000000,0.86143297000,0.02315543200,-0.50725320000,0.00954956100
etaWear,FEAC84C53DE7,1722504625121,2024-08-01T12:30:25.121,1.71000000000,0.86146504000,0.02315482900,-0.50719880000,0.00955102300
etaWear,FEAC84C53DE7,1722504625131,2024-08-01T12:30:25.131,1.72000000000,0.86146504000,0.02315482900,-0.50719880000,0.00955102300
etaWear,FEAC84C53DE7,1722504625141,2024-08-01T12:30:25.141,1.73000000000,0.86146504000,0.02315482900,-0.50719880000,0.00955102300
etaWear,FEAC84C53DE7,1722504625151,2024-08-01T12:30:25.151,1.74000000000,0.86146504000,0.02315482900,-0.50719880000,0.00955102300
etaWear,FEAC84C53DE7,1722504625161,2024-08-01T12:30:25.161,1.75000000000,0.86146504000,0.02315482900,-0.50719880000,0.00955102300
etaWear,FEAC84C53DE7,1722504625171,2024-08-01T12:30:25.171,1.76000000000,0.86146384000,0.02320017300,-0.50719833000,0.00957772000
etaWear,FEAC84C53DE7,1722504625181,2024-08-01T12:30:25.181,1.77000000000,0.86146176000,0.02327725900,-0.50719750000,0.00962310600
etaWear,FEAC84C53DE7,1722504625191,2024-08-01T12:30:25.191,1.78000000000,0.86145955000,0.02335887800,-0.50719660000,0.00967116000
etaWear,FEAC84C53DE7,1722504625201,2024-08-01T12:30:25.201,1.79000000000,0.86145750000,0.02338659400,-0.50719726000,0.00974854100
etaWear,FEAC84C53DE7,1722504625211,2024-08-01T12:30:25.211,1.80000000000,0.86145670000,0.02334387800,-0.50719920000,0.00982109200
etaWear,FEAC84C53DE7,1722504625221,2024-08-01T12:30:25.221,1.81000000000,0.86145574000,0.02329409300,-0.50720150000,0.00990565000
etaWear,FEAC84C53DE7,1722504625231,2024-08-01T12:30:25.231,1.82000000000,0.86145460000,0.02323535800,-0.50720420000,0.01000540700
etaWear,FEAC84C53DE7,1722504625241,2024-08-01T12:30:25.241,1.83000000000,0.86145350000,0.02317929500,-0.50720674000,0.01010062900
etaWear,FEAC84C53DE7,1722504625251,2024-08-01T12:30:25.251,1.84000000000,0.86141866000,0.02319002000,-0.50726290000,0.01022722900
etaWear,FEAC84C53DE7,1722504625261,2024-08-01T12:30:25.261,1.85000000000,0.86138330000,0.02322875300,-0.50731850000,0.01035811100
etaWear,FEAC84C53DE7,1722504625271,2024-08-01T12:30:25.271,1.86000000000,0.86134250000,0.02328200600,-0.50738280000,0.01048502050
etaWear,FEAC84C53DE7,1722504625281,2024-08-01T12:30:25.281,1.87000000000,0.86130250000,0.02333506200,-0.50744563000,0.01059805800
etaWear,FEAC84C53DE7,1722504625291,2024-08-01T12:30:25.291,1.88000000000,0.86126506000,0.02338347600,-0.50750500000,0.01069173800
etaWear,FEAC84C53DE7,1722504625301,2024-08-01T12:30:25.301,1.89000000000,0.86123080000,0.02346575300,-0.50755840000,0.01073834500
etaWear,FEAC84C53DE7,1722504625311,2024-08-01T12:30:25.311,1.90000000000,0.86119830000,0.02357970600,-0.50760686000,0.01080377600
etaWear,FEAC84C53DE7,1722504625321,2024-08-01T12:30:25.321,1.91000000000,0.86119485000,0.02370663000,-0.50760525000,0.01087858800
etaWear,FEAC84C53DE7,1722504625331,2024-08-01T12:30:25.331,1.92000000000,0.86116490000,0.02382506000,-0.50764910000,0.01094680800
etaWear,FEAC84C53DE7,1722504625341,2024-08-01T12:30:25.341,1.93000000000,0.86116160000,0.02394518000,-0.50764760000,0.01101761900
etaWear,FEAC84C53DE7,1722504625351,2024-08-01T12:30:25.351,1.94000000000,0.86115820000,0.02406303000,-0.50764600000,0.01108709200
etaWear,FEAC84C53DE7,1722504625361,2024-08-01T12:30:25.361,1.95000000000,0.86115515000,0.02417181800,-0.50764465000,0.01115122200
etaWear,FEAC84C53DE7,1722504625371,2024-08-01T12:30:25.371,1.96000000000,0.86115223000,0.02427607200,-0.50764330000,0.01121267900
etaWear,FEAC84C53DE7,1722504625381,2024-08-01T12:30:25.381,1.97000000000,0.86114930000,0.02438032600,-0.50764190000,0.01127413600
etaWear,FEAC84C53DE7,1722504625391,2024-08-01T12:30:25.391,1.98000000000,0.86114675000,0.02447098100,-0.50764070000,0.01132757700
etaWear,FEAC84C53DE7,1722504625401,2024-08-01T12:30:25.401,1.99000000000,0.86114460000,0.02454661200,-0.50763970000,0.01137216000
etaWear,FEAC84C53DE7,1722504625411,2024-08-01T12:30:25.411,2.00000000000,0.86114204000,0.02463726700,-0.50763850000,0.01142560100
etaWear,FEAC84C53DE7,1722504625421,2024-08-01T12:30:25.421,2.01000000000,0.86113970000,0.02471885600,-0.50763744000,0.01147369800
etaWear,FEAC84C53DE7,1722504625431,2024-08-01T12:30:25.431,2.02000000000,0.86113760000,0.02479138000,-0.50763650000,0.01151645000
etaWear,FEAC84C53DE7,1722504625441,2024-08-01T12:30:25.441,2.03000000000,0.86113477000,0.02489110000,-0.50763520000,0.01157523400
etaWear,FEAC84C53DE7,1722504625451,2024-08-01T12:30:25.451,2.04000000000,0.86113214000,0.02498175600,-0.50763400000,0.01162867400
etaWear,FEAC84C53DE7,1722504625461,2024-08-01T12:30:25.461,2.05000000000,0.86113214000,0.02498175600,-0.50763400000,0.01162867400
etaWear,FEAC84C53DE7,1722504625471,2024-08-01T12:30:25.471,2.06000000000,0.86113214000,0.02498175600,-0.50763400000,0.01162867400
etaWear,FEAC84C53DE7,1722504625481,2024-08-01T12:30:25.481,2.07000000000,0.86113150000,0.02495290700,-0.50763540000,0.01167761100
etaWear,FEAC84C53DE7,1722504625491,2024-08-01T12:30:25.491,2.08000000000,0.86113070000,0.02492351000,-0.50763680000,0.01172746800
etaWear,FEAC84C53DE7,1722504625501,2024-08-01T12:30:25.501,2.09000000000,0.86113070000,0.02492351000,-0.50763680000,0.01172746800
etaWear,FEAC84C53DE7,1722504625511,2024-08-01T12:30:25.511,2.10000000000,0.86112887000,0.02498697000,-0.50763595000,0.01176487700
etaWear,FEAC84C53DE7,1722504625521,2024-08-01T12:30:25.521,2.11000000000,0.86112654000,0.02506704600,-0.50763490000,0.01181208250
etaWear,FEAC84C53DE7,1722504625531,2024-08-01T12:30:25.531,2.12000000000,0.86112330000,0.02513098000,-0.50763494000,0.01191084900
etaWear,FEAC84C53DE7,1722504625541,2024-08-01T12:30:25.541,2.13000000000,0.86112010000,0.02518770700,-0.50763520000,0.01201147700
etaWear,FEAC84C53DE7,1722504625551,2024-08-01T12:30:25.551,2.14000000000,0.86111826000,0.02525116300,-0.50763430000,0.01204888500
etaWear,FEAC84C53DE7,1722504625561,2024-08-01T12:30:25.561,2.15000000000,0.86111665000,0.02530555400,-0.50763350000,0.01208095000
etaWear,FEAC84C53DE7,1722504625571,2024-08-01T12:30:25.571,2.16000000000,0.86111665000,0.02530555400,-0.50763350000,0.01208095000
etaWear,FEAC84C53DE7,1722504625581,2024-08-01T12:30:25.581,2.17000000000,0.86111665000,0.02530555400,-0.50763350000,0.01208095000
etaWear,FEAC84C53DE7,1722504625641,2024-08-01T12:30:25.641,2.23000000000,0.86114335000,0.02530492000,-0.50758820000,0.01208228150
etaWear,FEAC84C53DE7,1722504625651,2024-08-01T12:30:25.651,2.24000000000,0.86114335000,0.02530492000,-0.50758820000,0.01208228150
etaWear,FEAC84C53DE7,1722504625661,2024-08-01T12:30:25.661,2.25000000000,0.86117005000,0.02539487400,-0.50753707000,0.01213718200
etaWear,FEAC84C53DE7,1722504625671,2024-08-01T12:30:25.671,2.26000000000,0.86116820000,0.02545833400,-0.50753620000,0.01217458300
etaWear,FEAC84C53DE7,1722504625681,2024-08-01T12:30:25.681,2.27000000000,0.86116820000,0.02545833400,-0.50753620000,0.01217458300
etaWear,FEAC84C53DE7,1722504625691,2024-08-01T12:30:25.691,2.28000000000,0.86116580000,0.02553992500,-0.50753504000,0.01222267000
etaWear,FEAC84C53DE7,1722504625701,2024-08-01T12:30:25.701,2.29000000000,0.86116200000,0.02566894500,-0.50753320000,0.01229870900
etaWear,FEAC84C53DE7,1722504625711,2024-08-01T12:30:25.711,2.30000000000,0.86115860000,0.02578226700,-0.50753160000,0.01236549600
etaWear,FEAC84C53DE7,1722504625721,2024-08-01T12:30:25.721,2.31000000000,0.86115575000,0.02587745500,-0.50753020000,0.01242159700
etaWear,FEAC84C53DE7,1722504625731,2024-08-01T12:30:25.731,2.32000000000,0.86118410000,0.02599905800,-0.50747400000,0.01249536000
etaWear,FEAC84C53DE7,1722504625741,2024-08-01T12:30:25.741,2.33000000000,0.86121714000,0.02614319300,-0.50740844000,0.01258275300
etaWear,FEAC84C53DE7,1722504625751,2024-08-01T12:30:25.751,2.34000000000,0.86124480000,0.02628745900,-0.50735190000,0.01266987100
etaWear,FEAC84C53DE7,1722504625761,2024-08-01T12:30:25.761,2.35000000000,0.86126950000,0.02642021500,-0.50730090000,0.01274999400
etaWear,FEAC84C53DE7,1722504625771,2024-08-01T12:30:25.771,2.36000000000,0.86129520000,0.02653734600,-0.50724930000,0.01282095100
etaWear,FEAC84C53DE7,1722504625781,2024-08-01T12:30:25.781,2.37000000000,0.86129140000,0.02666121300,-0.50724745000,0.01289390100
etaWear,FEAC84C53DE7,1722504625791,2024-08-01T12:30:25.791,2.38000000000,0.86131364000,0.02678958500,-0.50720100000,0.01297127400
etaWear,FEAC84C53DE7,1722504625801,2024-08-01T12:30:25.801,2.39000000000,0.86133890000,0.02692031100,-0.50714916000,0.01305024700
etaWear,FEAC84C53DE7,1722504625811,2024-08-01T12:30:25.811,2.40000000000,0.86136950000,0.02705090000,-0.50708824000,0.01312950350
etaWear,FEAC84C53DE7,1722504625821,2024-08-01T12:30:25.821,2.41000000000,0.86141163000,0.02720987800,-0.50700570000,0.01322632800
etaWear,FEAC84C53DE7,1722504625831,2024-08-01T12:30:25.831,2.42000000000,0.86145324000,0.02743732200,-0.50692100000,0.01329792100
etaWear,FEAC84C53DE7,1722504625841,2024-08-01T12:30:25.841,2.43000000000,0.86149350000,0.02757924200,-0.50684220000,0.01338332900
etaWear,FEAC84C53DE7,1722504625851,2024-08-01T12:30:25.851,2.44000000000,0.86152390000,0.02760598000,-0.50678813000,0.01342297000
etaWear,FEAC84C53DE7,1722504625861,2024-08-01T12:30:25.861,2.45000000000,0.86155283000,0.02761447600,-0.50673705000,0.01347914150
etaWear,FEAC84C53DE7,1722504625871,2024-08-01T12:30:25.871,2.46000000000,0.86157560000,0.02760152100,-0.50669706000,0.01355646200
etaWear,FEAC84C53DE7,1722504625881,2024-08-01T12:30:25.881,2.47000000000,0.86156480000,0.02758878300,-0.50671405000,0.01363121250
etaWear,FEAC84C53DE7,1722504625891,2024-08-01T12:30:25.891,2.48000000000,0.86155420000,0.02757464500,-0.50673100000,0.01370211800
etaWear,FEAC84C53DE7,1722504625901,2024-08-01T12:30:25.901,2.49000000000,0.86154090000,0.02756769800,-0.50675230000,0.01376296400
MetaWear,FEAC84C53DE7,1722504625911,2024-08-01T12:30:25.911,2.50000000000,0.86152670000,0.02752296400,-0.50677866000,0.01377263100
etaWear,FEAC84C53DE7,1722504625921,2024-08-01T12:30:25.921,2.51000000000,0.86151550000,0.02746426700,-0.50680095000,0.01376848100
etaWear,FEAC84C53DE7,1722504625931,2024-08-01T12:30:25.931,2.52000000000,0.86153360000,0.02739240400,-0.50677450000,0.01375128700
etaWear,FEAC84C53DE7,1722504625941,2024-08-01T12:30:25.941,2.53000000000,0.86155840000,0.02733488600,-0.50673723000,0.01369065800
etaWear,FEAC84C53DE7,1722504625951,2024-08-01T12:30:25.951,2.54000000000,0.86158437000,0.02728294200,-0.50669724000,0.01363890200
etaWear,FEAC84C53DE7,1722504625961,2024-08-01T12:30:25.961,2.55000000000,0.86161315000,0.02723805200,-0.50665176000,0.01359734800
etaWear,FEAC84C53DE7,1722504625971,2024-08-01T12:30:25.971,2.56000000000,0.86161020000,0.02719740800,-0.50666010000,0.01355740600
etaWear,FEAC84C53DE7,1722504625981,2024-08-01T12:30:25.981,2.57000000000,0.86160740000,0.02714772700,-0.50666860000,0.01351210600
etaWear,FEAC84C53DE7,1722504625991,2024-08-01T12:30:25.991,2.58000000000,0.86160576000,0.02710839000,-0.50667440000,0.01347667350
etaWear,FEAC84C53DE7,1722504626001,2024-08-01T12:30:26.001,2.59000000000,0.86160356000,0.02711608000,-0.50667787000,0.01347222550
etaWear,FEAC84C53DE7,1722504626011,2024-08-01T12:30:26.011,2.60000000000,0.86160160000,0.02712385700,-0.50668090000,0.01346771700
etaWear,FEAC84C53DE7,1722504626021,2024-08-01T12:30:26.021,2.61000000000,0.86159840000,0.02713378300,-0.50668603000,0.01346198900
etaWear,FEAC84C53DE7,1722504626031,2024-08-01T12:30:26.031,2.62000000000,0.86159600000,0.02711340000,-0.50668997000,0.01350666000
etaWear,FEAC84C53DE7,1722504626041,2024-08-01T12:30:26.041,2.63000000000,0.86159354000,0.02708926000,-0.50669396000,0.01355946700
etaWear,FEAC84C53DE7,1722504626051,2024-08-01T12:30:26.051,2.64000000000,0.86159010000,0.02706828900,-0.50669960000,0.01361044600
etaWear,FEAC84C53DE7,1722504626061,2024-08-01T12:30:26.061,2.65000000000,0.86158496000,0.02704841600,-0.50670810000,0.01366012500
etaWear,FEAC84C53DE7,1722504626071,2024-08-01T12:30:26.071,2.66000000000,0.86158085000,0.02702880700,-0.50671500000,0.01370440400
etaWear,FEAC84C53DE7,1722504626081,2024-08-01T12:30:26.081,2.67000000000,0.86157360000,0.02708277700,-0.50672144000,0.01381797300
etaWear,FEAC84C53DE7,1722504626091,2024-08-01T12:30:26.091,2.68000000000,0.86156470000,0.02715779800,-0.50672880000,0.01395262700
etaWear,FEAC84C53DE7,1722504626101,2024-08-01T12:30:26.101,2.69000000000,0.86156030000,0.02712721400,-0.50673580000,0.01403298400
etaWear,FEAC84C53DE7,1722504626111,2024-08-01T12:30:26.111,2.70000000000,0.86155766000,0.02709695900,-0.50673980000,0.01410715500
etaWear,FEAC84C53DE7,1722504626121,2024-08-01T12:30:26.121,2.71000000000,0.86155470000,0.02706898700,-0.50674444000,0.01417604700
etaWear,FEAC84C53DE7,1722504626131,2024-08-01T12:30:26.131,2.72000000000,0.86152583000,0.02702934700,-0.50679330000,0.01425770700
etaWear,FEAC84C53DE7,1722504626141,2024-08-01T12:30:26.141,2.73000000000,0.86148846000,0.02699689800,-0.50685644000,0.01432892900
etaWear,FEAC84C53DE7,1722504626151,2024-08-01T12:30:26.151,2.74000000000,0.86144406000,0.02697651800,-0.50693140000,0.01438698100
etaWear,FEAC84C53DE7,1722504626161,2024-08-01T12:30:26.161,2.75000000000,0.86139655000,0.02695856600,-0.50701153000,0.01443759500
etaWear,FEAC84C53DE7,1722504626171,2024-08-01T12:30:26.171,2.76000000000,0.86134680000,0.02693747500,-0.50709560000,0.01449358900
etaWear,FEAC84C53DE7,1722504626181,2024-08-01T12:30:26.181,2.77000000000,0.86129457000,0.02692125200,-0.50718373000,0.01454174000
etaWear,FEAC84C53DE7,1722504626191,2024-08-01T12:30:26.191,2.78000000000,0.86124620000,0.02690521400,-0.50726530000,0.01458847300
etaWear,FEAC84C53DE7,1722504626201,2024-08-01T12:30:26.201,2.79000000000,0.86119753000,0.02688821800,-0.50734750000,0.01463892900
etaWear,FEAC84C53DE7,1722504626211,2024-08-01T12:30:26.211,2.80000000000,0.86115330000,0.02687845400,-0.50742190000,0.01467961350
etaWear,FEAC84C53DE7,1722504626221,2024-08-01T12:30:26.221,2.81000000000,0.86113640000,0.02687052500,-0.50745000000,0.01471738800
etaWear,FEAC84C53DE7,1722504626231,2024-08-01T12:30:26.231,2.82000000000,0.86111844000,0.02691166700,-0.50747657000,0.01477669100
etaWear,FEAC84C53DE7,1722504626241,2024-08-01T12:30:26.241,2.83000000000,0.86110210000,0.02690467200,-0.50750350000,0.01481618200
etaWear,FEAC84C53DE7,1722504626251,2024-08-01T12:30:26.251,2.84000000000,0.86108760000,0.02689737000,-0.50752720000,0.01485939000
etaWear,FEAC84C53DE7,1722504626261,2024-08-01T12:30:26.261,2.85000000000,0.86107410000,0.02688849300,-0.50754920000,0.01490693600
etaWear,FEAC84C53DE7,1722504626271,2024-08-01T12:30:26.271,2.86000000000,0.86106277000,0.02687275600,-0.50756760000,0.01496298700
MetaWear,FEAC84C53DE7,1722504626281,2024-08-01T12:30:26.281,2.87000000000,0.86105340000,0.02685120500,-0.50758270000,0.01502622400
etaWear,FEAC84C53DE7,1722504626291,2024-08-01T12:30:26.291,2.88000000000,0.86104510000,0.02683037900,-0.50759596000,0.01508899200
etaWear,FEAC84C53DE7,1722504626301,2024-08-01T12:30:26.301,2.89000000000,0.86103594000,0.02680948600,-0.50761070000,0.01515182850
etaWear,FEAC84C53DE7,1722504626311,2024-08-01T12:30:26.311,2.90000000000,0.86102736000,0.02678769500,-0.50762480000,0.01521135300
etaWear,FEAC84C53DE7,1722504626321,2024-08-01T12:30:26.321,2.91000000000,0.86102090000,0.02676186300,-0.50763524000,0.01527405400
etaWear,FEAC84C53DE7,1722504626331,2024-08-01T12:30:26.331,2.92000000000,0.86101460000,0.02673049800,-0.50764550000,0.01534592000
etaWear,FEAC84C53DE7,1722504626341,2024-08-01T12:30:26.341,2.93000000000,0.86101055000,0.02669855600,-0.50765200000,0.01541214200
etaWear,FEAC84C53DE7,1722504626351,2024-08-01T12:30:26.351,2.94000000000,0.86100730000,0.02667046700,-0.50765730000,0.01547016000
etaWear,FEAC84C53DE7,1722504626361,2024-08-01T12:30:26.361,2.95000000000,0.86100256000,0.02664236500,-0.50766500000,0.01552746900
etaWear,FEAC84C53DE7,1722504626371,2024-08-01T12:30:26.371,2.96000000000,0.86099770000,0.02662248700,-0.50767300000,0.01557183700
etaWear,FEAC84C53DE7,1722504626381,2024-08-01T12:30:26.381,2.97000000000,0.86099154000,0.02660756000,-0.50768280000,0.01561036300
etaWear,FEAC84C53DE7,1722504626391,2024-08-01T12:30:26.391,2.98000000000,0.86098610000,0.02659250200,-0.50769156000,0.01565190200
etaWear,FEAC84C53DE7,1722504626401,2024-08-01T12:30:26.401,2.99000000000,0.86097870000,0.02658326400,-0.50770336000,0.01569006800
etaWear,FEAC84C53DE7,1722504626411,2024-08-01T12:30:26.411,3.00000000000,0.86097270000,0.02657304300,-0.50771290000,0.01572876200
etaWear,FEAC84C53DE7,1722504626421,2024-08-01T12:30:26.421,3.01000000000,0.86096890000,0.02658577600,-0.50771890000,0.01572137000
etaWear,FEAC84C53DE7,1722504626431,2024-08-01T12:30:26.431,3.02000000000,0.86096436000,0.02659508600,-0.50772650000,0.01571603300
etaWear,FEAC84C53DE7,1722504626441,2024-08-01T12:30:26.441,3.03000000000,0.86096007000,0.02660118600,-0.50773360000,0.01571257600
etaWear,FEAC84C53DE7,1722504626451,2024-08-01T12:30:26.451,3.04000000000,0.86095273000,0.02669247600,-0.50773970000,0.01575509600
etaWear,FEAC84C53DE7,1722504626461,2024-08-01T12:30:26.461,3.05000000000,0.86094200000,0.02683089100,-0.50774866000,0.01581800500
etaWear,FEAC84C53DE7,1722504626471,2024-08-01T12:30:26.471,3.06000000000,0.86092514000,0.02692621200,-0.50776964000,0.01590457200
etaWear,FEAC84C53DE7,1722504626481,2024-08-01T12:30:26.481,3.07000000000,0.86090990000,0.02693602400,-0.50779366000,0.01594561500
etaWear,FEAC84C53DE7,1722504626491,2024-08-01T12:30:26.491,3.08000000000,0.86089694000,0.02692483000,-0.50781417000,0.01601165900
etaWear,FEAC84C53DE7,1722504626501,2024-08-01T12:30:26.501,3.09000000000,0.86089060000,0.02681719900,-0.50782930000,0.01604947300
etaWear,FEAC84C53DE7,1722504626511,2024-08-01T12:30:26.511,3.10000000000,0.86088264000,0.02677359600,-0.50784210000,0.01614628400
etaWear,FEAC84C53DE7,1722504626521,2024-08-01T12:30:26.521,3.11000000000,0.86084540000,0.02672437800,-0.50790450000,0.01624835500
etaWear,FEAC84C53DE7,1722504626531,2024-08-01T12:30:26.531,3.12000000000,0.86079365000,0.02668200000,-0.50799150000,0.01633711700
etaWear,FEAC84C53DE7,1722504626541,2024-08-01T12:30:26.541,3.13000000000,0.86074520000,0.02664793300,-0.50807300000,0.01641120000
etaWear,FEAC84C53DE7,1722504626551,2024-08-01T12:30:26.551,3.14000000000,0.86070790000,0.02661844700,-0.50813574000,0.01647818800
etaWear,FEAC84C53DE7,1722504626561,2024-08-01T12:30:26.561,3.15000000000,0.86069490000,0.02659483400,-0.50815730000,0.01653382600
etaWear,FEAC84C53DE7,1722504626571,2024-08-01T12:30:26.571,3.16000000000,0.86068210000,0.02660598400,-0.50817865000,0.01652765600
etaWear,FEAC84C53DE7,1722504626581,2024-08-01T12:30:26.581,3.17000000000,0.86066950000,0.02661593000,-0.50819940000,0.01652218200
etaWear,FEAC84C53DE7,1722504626591,2024-08-01T12:30:26.591,3.18000000000,0.86065640000,0.02667647600,-0.50821770000,0.01654565500
MetaWear,FEAC84C53DE7,1722504626601,2024-08-01T12:30:26.601,3.19000000000,0.86064630000,0.02668673000,-0.50823440000,0.01653992400
etaWear,FEAC84C53DE7,1722504626611,2024-08-01T12:30:26.611,3.20000000000,0.86063810000,0.02669749800,-0.50824800000,0.01653382700
etaWear,FEAC84C53DE7,1722504626621,2024-08-01T12:30:26.621,3.21000000000,0.86062630000,0.02675534000,-0.50826420000,0.01655350600
etaWear,FEAC84C53DE7,1722504626631,2024-08-01T12:30:26.631,3.22000000000,0.86061513000,0.02682164000,-0.50827885000,0.01657886600
etaWear,FEAC84C53DE7,1722504626641,2024-08-01T12:30:26.641,3.23000000000,0.86060405000,0.02689750700,-0.50829270000,0.01660926500
etaWear,FEAC84C53DE7,1722504626651,2024-08-01T12:30:26.651,3.24000000000,0.86059123000,0.02700717700,-0.50830700000,0.01665717700
etaWear,FEAC84C53DE7,1722504626661,2024-08-01T12:30:26.661,3.25000000000,0.86057680000,0.02714302000,-0.50832236000,0.01671383900
etaWear,FEAC84C53DE7,1722504626671,2024-08-01T12:30:26.671,3.26000000000,0.86056190000,0.02725868100,-0.50834000000,0.01675292700
etaWear,FEAC84C53DE7,1722504626681,2024-08-01T12:30:26.681,3.27000000000,0.86057615000,0.02734329600,-0.50831044000,0.01677911500
etaWear,FEAC84C53DE7,1722504626691,2024-08-01T12:30:26.691,3.28000000000,0.86059250000,0.02745153600,-0.50827570000,0.01681819400
etaWear,FEAC84C53DE7,1722504626701,2024-08-01T12:30:26.701,3.29000000000,0.86061740000,0.02755420300,-0.50822467000,0.01691774700
etaWear,FEAC84C53DE7,1722504626711,2024-08-01T12:30:26.711,3.30000000000,0.86064860000,0.02763175400,-0.50816464000,0.01700850800
etaWear,FEAC84C53DE7,1722504626721,2024-08-01T12:30:26.721,3.31000000000,0.86067690000,0.02768210100,-0.50811100000,0.01709733300
etaWear,FEAC84C53DE7,1722504626731,2024-08-01T12:30:26.731,3.32000000000,0.86069787000,0.02766492400,-0.50807450000,0.01715593000
etaWear,FEAC84C53DE7,1722504626741,2024-08-01T12:30:26.741,3.33000000000,0.86071754000,0.02763914700,-0.50804020000,0.01722241000
etaWear,FEAC84C53DE7,1722504626751,2024-08-01T12:30:26.751,3.34000000000,0.86071160000,0.02761594800,-0.50804970000,0.01727757800
etaWear,FEAC84C53DE7,1722504626761,2024-08-01T12:30:26.761,3.35000000000,0.86070280000,0.02765277800,-0.50805974000,0.01735562000
etaWear,FEAC84C53DE7,1722504626771,2024-08-01T12:30:26.771,3.36000000000,0.86069290000,0.02770496900,-0.50807124000,0.01742943600
etaWear,FEAC84C53DE7,1722504626781,2024-08-01T12:30:26.781,3.37000000000,0.86068374000,0.02779566300,-0.50808054000,0.01746535700
etaWear,FEAC84C53DE7,1722504626791,2024-08-01T12:30:26.791,3.38000000000,0.86067390000,0.02788414400,-0.50809120000,0.01749894600
etaWear,FEAC84C53DE7,1722504626801,2024-08-01T12:30:26.801,3.39000000000,0.86066484000,0.02795987600,-0.50810164000,0.01752400400
etaWear,FEAC84C53DE7,1722504626811,2024-08-01T12:30:26.811,3.40000000000,0.86065490000,0.02803102100,-0.50811390000,0.01754110500
etaWear,FEAC84C53DE7,1722504626821,2024-08-01T12:30:26.821,3.41000000000,0.86064580000,0.02809769700,-0.50812510000,0.01755547300
etaWear,FEAC84C53DE7,1722504626831,2024-08-01T12:30:26.831,3.42000000000,0.86063740000,0.02811874300,-0.50813850000,0.01754331400
etaWear,FEAC84C53DE7,1722504626841,2024-08-01T12:30:26.841,3.43000000000,0.86062700000,0.02814337800,-0.50815547000,0.01752911100
etaWear,FEAC84C53DE7,1722504626851,2024-08-01T12:30:26.851,3.44000000000,0.86061716000,0.02816913000,-0.50817120000,0.01751422100
etaWear,FEAC84C53DE7,1722504626861,2024-08-01T12:30:26.861,3.45000000000,0.86060673000,0.02819732400,-0.50818783000,0.01749790600
etaWear,FEAC84C53DE7,1722504626871,2024-08-01T12:30:26.871,3.46000000000,0.86060673000,0.02819732400,-0.50818783000,0.01749790600
etaWear,FEAC84C53DE7,1722504626881,2024-08-01T12:30:26.881,3.47000000000,0.86060570000,0.02816790000,-0.50818944000,0.01754773600
etaWear,FEAC84C53DE7,1722504626891,2024-08-01T12:30:26.891,3.48000000000,0.86060440000,0.02813045100,-0.50819150000,0.01761115500
etaWear,FEAC84C53DE7,1722504626901,2024-08-01T12:30:26.901,3.49000000000,0.86060315000,0.02809369600,-0.50819355000,0.01767340000
etaWear,FEAC84C53DE7,1722504626911,2024-08-01T12:30:26.911,3.50000000000,0.86063150000,0.02805205600,-0.50814540000,0.01774380500
etaWear,FEAC84C53DE7,1722504626921,2024-08-01T12:30:26.921,3.51000000000,0.86066175000,0.02801420400,-0.50809410000,0.01780779100
etaWear,FEAC84C53DE7,1722504626931,2024-08-01T12:30:26.931,3.52000000000,0.86069240000,0.02797296300,-0.50804190000,0.01787751400
etaWear,FEAC84C53DE7,1722504626941,2024-08-01T12:30:26.941,3.53000000000,0.86072296000,0.02792904700,-0.50798994000,0.01795176800
etaWear,FEAC84C53DE7,1722504626951,2024-08-01T12:30:26.951,3.54000000000,0.86075354000,0.02788513200,-0.50793790000,0.01802602000
etaWear,FEAC84C53DE7,1722504626961,2024-08-01T12:30:26.961,3.55000000000,0.86078530000,0.02779836200,-0.50788760000,0.01806113900
etaWear,FEAC84C53DE7,1722504626971,2024-08-01T12:30:26.971,3.56000000000,0.86078390000,0.02776093200,-0.50788957000,0.01812457000
etaWear,FEAC84C53DE7,1722504626981,2024-08-01T12:30:26.981,3.57000000000,0.86078256000,0.02772350600,-0.50789160000,0.01818800200
etaWear,FEAC84C53DE7,1722504626991,2024-08-01T12:30:26.991,3.58000000000,0.86078143000,0.02769142600,-0.50789330000,0.01824237200
etaWear,FEAC84C53DE7,1722504627001,2024-08-01T12:30:27.001,3.59000000000,0.86078030000,0.02765934500,-0.50789505000,0.01829674300
etaWear,FEAC84C53DE7,1722504627011,2024-08-01T12:30:27.011,3.60000000000,0.86077905000,0.02762523500,-0.50789690000,0.01835455400
etaWear,FEAC84C53DE7,1722504627021,2024-08-01T12:30:27.021,3.61000000000,0.86077780000,0.02759048200,-0.50789880000,0.01841345400
etaWear,FEAC84C53DE7,1722504627031,2024-08-01T12:30:27.031,3.62000000000,0.86077640000,0.02755305400,-0.50790083000,0.01847688700
etaWear,FEAC84C53DE7,1722504627041,2024-08-01T12:30:27.041,3.63000000000,0.86074567000,0.02751669500,-0.50795270000,0.01853872500
etaWear,FEAC84C53DE7,1722504627051,2024-08-01T12:30:27.051,3.64000000000,0.86074450000,0.02748461000,-0.50795440000,0.01859309300
etaWear,FEAC84C53DE7,1722504627061,2024-08-01T12:30:27.061,3.65000000000,0.86074350000,0.02745520300,-0.50795610000,0.01864293200
etaWear,FEAC84C53DE7,1722504627071,2024-08-01T12:30:27.071,3.66000000000,0.86074040000,0.02747889600,-0.50795670000,0.01873485400
etaWear,FEAC84C53DE7,1722504627081,2024-08-01T12:30:27.081,3.67000000000,0.86073685000,0.02751209200,-0.50795704000,0.01883385700
etaWear,FEAC84C53DE7,1722504627091,2024-08-01T12:30:27.091,3.68000000000,0.86073345000,0.02751380200,-0.50795860000,0.01894481900
etaWear,FEAC84C53DE7,1722504627101,2024-08-01T12:30:27.101,3.69000000000,0.86073136000,0.02745498300,-0.50796180000,0.01904449400
etaWear,FEAC84C53DE7,1722504627111,2024-08-01T12:30:27.111,3.70000000000,0.86073090000,0.02731750700,-0.50796705000,0.01912218300
etaWear,FEAC84C53DE7,1722504627121,2024-08-01T12:30:27.121,3.71000000000,0.86073070000,0.02715655800,-0.50797296000,0.01919823500
etaWear,FEAC84C53DE7,1722504627131,2024-08-01T12:30:27.131,3.72000000000,0.86070060000,0.02703525700,-0.50802690000,0.01929233000
etaWear,FEAC84C53DE7,1722504627141,2024-08-01T12:30:27.141,3.73000000000,0.86065250000,0.02696745800,-0.50810760000,0.01940770300
etaWear,FEAC84C53DE7,1722504627151,2024-08-01T12:30:27.151,3.74000000000,0.86059410000,0.02691076500,-0.50820583000,0.01950438700
etaWear,FEAC84C53DE7,1722504627161,2024-08-01T12:30:27.161,3.75000000000,0.86053330000,0.02686219800,-0.50830820000,0.01958733800
etaWear,FEAC84C53DE7,1722504627171,2024-08-01T12:30:27.171,3.76000000000,0.86047960000,0.02687199600,-0.50839520000,0.01967482000
MetaWear,FEAC84C53DE7,1722504626281,2024-08-01T12:30:26.281,2.87000000000,0.86105340000,0.02685120500,-0.50758270000,0.01502622400
etaWear,FEAC84C53DE7,1722504626291,2024-08-01T12:30:26.291,2.88000000000,0.86104510000,0.02683037900,-0.50759596000,0.01508899200
etaWear,FEAC84C53DE7,1722504626301,2024-08-01T12:30:26.301,2.89000000000,0.86103594000,0.02680948600,-0.50761070000,0.01515182850
etaWear,FEAC84C53DE7,1722504626311,2024-08-01T12:30:26.311,2.90000000000,0.86102736000,0.02678769500,-0.50762480000,0.01521135300
etaWear,FEAC84C53DE7,1722504626321,2024-08-01T12:30:26.321,2.91000000000,0.86102090000,0.02676186300,-0.50763524000,0.01527405400
etaWear,FEAC84C53DE7,1722504626331,2024-08-01T12:30:26.331,2.92000000000,0.86101460000,0.02673049800,-0.50764550000,0.01534592000
etaWear,FEAC84C53DE7,1722504626341,2024-08-01T12:30:26.341,2.93000000000,0.86101055000,0.02669855600,-0.50765200000,0.01541214200
etaWear,FEAC84C53DE7,1722504626351,2024-08-01T12:30:26.351,2.94000000000,0.86100730000,0.02667046700,-0.50765730000,0.01547016000
etaWear,FEAC84C53DE7,1722504626361,2024-08-01T12:30:26.361,2.95000000000,0.86100256000,0.02664236500,-0.50766500000,0.01552746900
etaWear,FEAC84C53DE7,1722504626371,2024-08-01T12:30:26.371,2.96000000000,0.86099770000,0.02662248700,-0.50767300000,0.01557183700
etaWear,FEAC84C53DE7,1722504626381,2024-08-01T12:30:26.381,2.97000000000,0.86099154000,0.02660756000,-0.50768280000,0.01561036300
etaWear,FEAC84C53DE7,1722504626391,2024-08-01T12:30:26.391,2.98000000000,0.86098610000,0.02659250200,-0.50769156000,0.01565190200
etaWear,FEAC84C53DE7,1722504626401,2024-08-01T12:30:26.401,2.99000000000,0.86097870000,0.02658326400,-0.50770336000,0.01569006800
etaWear,FEAC84C53DE7,1722504626411,2024-08-01T12:30:26.411,3.00000000000,0.86097270000,0.02657304300,-0.50771290000,0.01572876200
etaWear,FEAC84C53DE7,1722504626421,2024-08-01T12:30:26.421,3.01000000000,0.86096890000,0.02658577600,-0.50771890000,0.01572137000
etaWear,FEAC84C53DE7,1722504626431,2024-08-01T12:30:26.431,3.02000000000,0.86096436000,0.02659508600,-0.50772650000,0.01571603300
etaWear,FEAC84C53DE7,1722504626441,2024-08-01T12:30:26.441,3.03000000000,0.86096007000,0.02660118600,-0.50773360000,0.01571257600
etaWear,FEAC84C53DE7,1722504626451,2024-08-01T12:30:26.451,3.04000000000,0.86095273000,0.02669247600,-0.50773970000,0.01575509600
etaWear,FEAC84C53DE7,1722504626461,2024-08-01T12:30:26.461,3.05000000000,0.86094200000,0.02683089100,-0.50774866000,0.01581800500
etaWear,FEAC84C53DE7,1722504626471,2024-08-01T12:30:26.471,3.06000000000,0.86092514000,0.02692621200,-0.50776964000,0.01590457200
etaWear,FEAC84C53DE7,1722504626481,2024-08-01T12:30:26.481,3.07000000000,0.86090990000,0.02693602400,-0.50779366000,0.01594561500
etaWear,FEAC84C53DE7,1722504626491,2024-08-01T12:30:26.491,3.08000000000,0.86089694000,0.02692483000,-0.50781417000,0.01601165900
etaWear,FEAC84C53DE7,1722504626501,2024-08-01T12:30:26.501,3.09000000000,0.86089060000,0.02681719900,-0.50782930000,0.01604947300
etaWear,FEAC84C53DE7,1722504626511,2024-08-01T12:30:26.511,3.10000000000,0.86088264000,0.02677359600,-0.50784210000,0.01614628400
etaWear,FEAC84C53DE7,1722504626521,2024-08-01T12:30:26.521,3.11000000000,0.86084540000,0.02672437800,-0.50790450000,0.01624835500
etaWear,FEAC84C53DE7,1722504626531,2024-08-01T12:30:26.531,3.12000000000,0.86079365000,0.02668200000,-0.50799150000,0.01633711700
etaWear,FEAC84C53DE7,1722504626541,2024-08-01T12:30:26.541,3.13000000000,0.86074520000,0.02664793300,-0.50807300000,0.01641120000
etaWear,FEAC84C53DE7,1722504626551,2024-08-01T12:30:26.551,3.14000000000,0.86070790000,0.02661844700,-0.50813574000,0.01647818800
etaWear,FEAC84C53DE7,1722504626561,2024-08-01T12:30:26.561,3.15000000000,0.86069490000,0.02659483400,-0.50815730000,0.01653382600
etaWear,FEAC84C53DE7,1722504626571,2024-08-01T12:30:26.571,3.16000000000,0.86068210000,0.02660598400,-0.50817865000,0.01652765600
etaWear,FEAC84C53DE7,1722504626581,2024-08-01T12:30:26.581,3.17000000000,0.86066950000,0.02661593000,-0.50819940000,0.01652218200
etaWear,FEAC84C53DE7,1722504627641,2024-08-01T12:30:27.641,4.23000000000,0.85964510000,0.02739768700,-0.50966513000,0.02238697000
etaWear,FEAC84C53DE7,1722504627651,2024-08-01T12:30:27.651,4.24000000000,0.85963650000,0.02741441700,-0.50967920000,0.02237727500
etaWear,FEAC84C53DE7,1722504627661,2024-08-01T12:30:27.661,4.25000000000,0.85962665000,0.02743105200,-0.50969535000,0.02236767000
etaWear,FEAC84C53DE7,1722504627671,2024-08-01T12:30:27.671,4.26000000000,0.85961664000,0.02744455300,-0.50971170000,0.02235992400
etaWear,FEAC84C53DE7,1722504627681,2024-08-01T12:30:27.681,4.27000000000,0.85960805000,0.02745767000,-0.50972575000,0.02235237300
etaWear,FEAC84C53DE7,1722504627771,2024-08-01T12:30:27.771,4.36000000000,0.85962580000,0.02731549600,-0.50968410000,0.02279050000
etaWear,FEAC84C53DE7,1722504627781,2024-08-01T12:30:27.781,4.37000000000,0.85961200000,0.02728824000,-0.50970530000,0.02287148500
etaWear,FEAC84C53DE7,1722504627791,2024-08-01T12:30:27.791,4.38000000000,0.85959720000,0.02722180000,-0.50973237000,0.02290225800
etaWear,FEAC84C53DE7,1722504627801,2024-08-01T12:30:27.801,4.39000000000,0.85958123000,0.02714489800,-0.50976324000,0.02290592300
etaWear,FEAC84C53DE7,1722504627811,2024-08-01T12:30:27.811,4.40000000000,0.85956526000,0.02709109000,-0.50979570000,0.02284707300
etaWear,FEAC84C53DE7,1722504627821,2024-08-01T12:30:27.821,4.41000000000,0.85958326000,0.02705331300,-0.50976914000,0.02280648000
etaWear,FEAC84C53DE7,1722504627831,2024-08-01T12:30:27.831,4.42000000000,0.85961336000,0.02706545000,-0.50971800000,0.02280089400
etaWear,FEAC84C53DE7,1722504627841,2024-08-01T12:30:27.841,4.43000000000,0.85964900000,0.02707597600,-0.50965750000,0.02279626200
etaWear,FEAC84C53DE7,1722504627851,2024-08-01T12:30:27.851,4.44000000000,0.85968757000,0.02708388100,-0.50959210000,0.02279320400
etaWear,FEAC84C53DE7,1722504627861,2024-08-01T12:30:27.861,4.45000000000,0.85973585000,0.02709077900,-0.50951040000,0.02279082100
etaWear,FEAC84C53DE7,1722504627871,2024-08-01T12:30:27.871,4.46000000000,0.85978200000,0.02709752000,-0.50943240000,0.02278845000
etaWear,FEAC84C53DE7,1722504627881,2024-08-01T12:30:27.881,4.47000000000,0.85982710000,0.02710458500,-0.50935590000,0.02278580300
etaWear,FEAC84C53DE7,1722504627891,2024-08-01T12:30:27.891,4.48000000000,0.85987090000,0.02711118000,-0.50928164000,0.02278339000
etaWear,FEAC84C53DE7,1722504627901,2024-08-01T12:30:27.901,4.49000000000,0.85991250000,0.02716807000,-0.50920427000,0.02288003000
etaWear,FEAC84C53DE7,1722504627911,2024-08-01T12:30:27.911,4.50000000000,0.85994730000,0.02722554500,-0.50913763000,0.02298480300
etaWear,FEAC84C53DE7,1722504627921,2024-08-01T12:30:27.921,4.51000000000,0.85997945000,0.02728567300,-0.50907530000,0.02309350700
etaWear,FEAC84C53DE7,1722504627931,2024-08-01T12:30:27.931,4.52000000000,0.86001440000,0.02736087900,-0.50900730000,0.02320112000
etaWear,FEAC84C53DE7,1722504627941,2024-08-01T12:30:27.941,4.53000000000,0.86005740000,0.02743413300,-0.50892670000,0.02328816200
etaWear,FEAC84C53DE7,1722504627951,2024-08-01T12:30:27.951,4.54000000000,0.86009980000,0.02742006600,-0.50885350000,0.02333920000
etaWear,FEAC84C53DE7,1722504627961,2024-08-01T12:30:27.961,4.55000000000,0.86014340000,0.02740501000,-0.50877804000,0.02339079000
etaWear,FEAC84C53DE7,1722504627971,2024-08-01T12:30:27.971,4.56000000000,0.86019146000,0.02738942400,-0.50869554000,0.02343903300
etaWear,FEAC84C53DE7,1722504627981,2024-08-01T12:30:27.981,4.57000000000,0.86022370000,0.02737144600,-0.50863990000,0.02348594200
etaWear,FEAC84C53DE7,1722504627991,2024-08-01T12:30:27.991,4.58000000000,0.86022085000,0.02734829700,-0.50864330000,0.02353792600
etaWear,FEAC84C53DE7,1722504628001,2024-08-01T12:30:28.001,4.59000000000,0.86021800000,0.02732946000,-0.50864720000,0.02358148800
etaWear,FEAC84C53DE7,1722504627771,2024-08-01T12:30:27.771,4.36000000000,0.85962580000,0.02731549600,-0.50968410000,0.02279050000
etaWear,FEAC84C53DE7,1722504627781,2024-08-01T12:30:27.781,4.37000000000,0.85961200000,0.02728824000,-0.50970530000,0.02287148500
etaWear,FEAC84C53DE7,1722504627791,2024-08-01T12:30:27.791,4.38000000000,0.85959720000,0.02722180000,-0.50973237000,0.02290225800
etaWear,FEAC84C53DE7,1722504627801,2024-08-01T12:30:27.801,4.39000000000,0.85958123000,0.02714489800,-0.50976324000,0.02290592300
etaWear,FEAC84C53DE7,1722504627811,2024-08-01T12:30:27.811,4.40000000000,0.85956526000,0.02709109000,-0.50979570000,0.02284707300
etaWear,FEAC84C53DE7,1722504627821,2024-08-01T12:30:27.821,4.41000000000,0.85958326000,0.02705331300,-0.50976914000,0.02280648000
etaWear,FEAC84C53DE7,1722504627831,2024-08-01T12:30:27.831,4.42000000000,0.85961336000,0.02706545000,-0.50971800000,0.02280089400
etaWear,FEAC84C53DE7,1722504627841,2024-08-01T12:30:27.841,4.43000000000,0.85964900000,0.02707597600,-0.50965750000,0.02279626200
etaWear,FEAC84C53DE7,1722504627851,2024-08-01T12:30:27.851,4.44000000000,0.85968757000,0.02708388100,-0.50959210000,0.02279320400
etaWear,FEAC84C53DE7,1722504627861,2024-08-01T12:30:27.861,4.45000000000,0.85973585000,0.02709077900,-0.50951040000,0.02279082100
etaWear,FEAC84C53DE7,1722504627871,2024-08-01T12:30:27.871,4.46000000000,0.85978200000,0.02709752000,-0.50943240000,0.02278845000
etaWear,FEAC84C53DE7,1722504627881,2024-08-01T12:30:27.881,4.47000000000,0.85982710000,0.02710458500,-0.50935590000,0.02278580300
etaWear,FEAC84C53DE7,1722504627891,2024-08-01T12:30:27.891,4.48000000000,0.85987090000,0.02711118000,-0.50928164000,0.02278339000
etaWear,FEAC84C53DE7,1722504627901,2024-08-01T12:30:27.901,4.49000000000,0.85991250000,0.02716807000,-0.50920427000,0.02288003000
etaWear,FEAC84C53DE7,1722504627911,2024-08-01T12:30:27.911,4.50000000000,0.85994730000,0.02722554500,-0.50913763000,0.02298480300
etaWear,FEAC84C53DE7,1722504627921,2024-08-01T12:30:27.921,4.51000000000,0.85997945000,0.02728567300,-0.50907530000,0.02309350700
etaWear,FEAC84C53DE7,1722504627931,2024-08-01T12:30:27.931,4.52000000000,0.86001440000,0.02736087900,-0.50900730000,0.02320112000
etaWear,FEAC84C53DE7,1722504627941,2024-08-01T12:30:27.941,4.53000000000,0.86005740000,0.02743413300,-0.50892670000,0.02328816200
etaWear,FEAC84C53DE7,1722504627951,2024-08-01T12:30:27.951,4.54000000000,0.86009980000,0.02742006600,-0.50885350000,0.02333920000
etaWear,FEAC84C53DE7,1722504627961,2024-08-01T12:30:27.961,4.55000000000,0.86014340000,0.02740501000,-0.50877804000,0.02339079000
etaWear,FEAC84C53DE7,1722504627971,2024-08-01T12:30:27.971,4.56000000000,0.86019146000,0.02738942400,-0.50869554000,0.02343903300
etaWear,FEAC84C53DE7,1722504627981,2024-08-01T12:30:27.981,4.57000000000,0.86022370000,0.02737144600,-0.50863990000,0.02348594200
etaWear,FEAC84C53DE7,1722504627991,2024-08-01T12:30:27.991,4.58000000000,0.86022085000,0.02734829700,-0.50864330000,0.02353792600
etaWear,FEAC84C53DE7,1722504628001,2024-08-01T12:30:28.001,4.59000000000,0.86021800000,0.02732946000,-0.50864720000,0.02358148800
etaWear,FEAC84C53DE7,1722504628231,2024-08-01T12:30:28.231,4.82000000000,0.86006040000,0.02847586000,-0.50883585000,0.02390510000
etaWear,FEAC84C53DE7,1722504628241,2024-08-01T12:30:28.241,4.83000000000,0.86005324000,0.02849073900,-0.50884760000,0.02389648600
etaWear,FEAC84C53DE7,1722504628251,2024-08-01T12:30:28.251,4.84000000000,0.86004690000,0.02850554000,-0.50885760000,0.02388788400
etaWear,FEAC84C53DE7,1722504628261,2024-08-01T12:30:28.261,4.85000000000,0.86003940000,0.02857940300,-0.50886500000,0.02391396600
etaWear,FEAC84C53DE7,1722504628271,2024-08-01T12:30:28.271,4.86000000000,0.86003230000,0.02866959800,-0.50887007000,0.02395178600
etaWear,FEAC84C53DE7,1722504628281,2024-08-01T12:30:28.281,4.87000000000,0.86002420000,0.02876559800,-0.50887660000,0.02398976300
etaWear,FEAC84C53DE7,1722504628291,2024-08-01T12:30:28.291,4.88000000000,0.86001533000,0.02885544900,-0.50888497000,0.02402248000
etaWear,FEAC84C53DE7,1722504628301,2024-08-01T12:30:28.301,4.89000000000,0.86000560000,0.02893299400,-0.50889590000,0.02404644300
etaWear,FEAC84C53DE7,1722504628311,2024-08-01T12:30:28.311,4.90000000000,0.85999537000,0.02901998700,-0.50890660000,0.02408089500
etaWear,FEAC84C53DE7,1722504628321,2024-08-01T12:30:28.321,4.91000000000,0.85998315000,0.02913146100,-0.50891864000,0.02412767900
etaWear,FEAC84C53DE7,1722504628331,2024-08-01T12:30:28.331,4.92000000000,0.85996723000,0.02925795700,-0.50893575000,0.02417935800
etaWear,FEAC84C53DE7,1722504628341,2024-08-01T12:30:28.341,4.93000000000,0.85997920000,0.02942829600,-0.50890225000,0.02425136400
etaWear,FEAC84C53DE7,1722504628351,2024-08-01T12:30:28.351,4.94000000000,0.85999900000,0.02960032000,-0.50885570000,0.02431710800
etaWear,FEAC84C53DE7,1722504628361,2024-08-01T12:30:28.361,4.95000000000,0.85998480000,0.02969121700,-0.50887060000,0.02439687200
etaWear,FEAC84C53DE7,1722504628371,2024-08-01T12:30:28.371,4.96000000000,0.85997546000,0.02968707300,-0.50888430000,0.02444570100
etaWear,FEAC84C53DE7,1722504628381,2024-08-01T12:30:28.381,4.97000000000,0.85997313000,0.02963885900,-0.50888710000,0.02452718100
etaWear,FEAC84C53DE7,1722504628391,2024-08-01T12:30:28.391,4.98000000000,0.85997075000,0.02958890800,-0.50889003000,0.02461159400
etaWear,FEAC84C53DE7,1722504628401,2024-08-01T12:30:28.401,4.99000000000,0.85994154000,0.02953931000,-0.50893825000,0.02469604300
etaWear,FEAC84C53DE7,1722504628411,2024-08-01T12:30:28.411,5.00000000000,0.85990196000,0.02949826800,-0.50900410000,0.02476628900
etaWear,FEAC84C53DE7,1722504628421,2024-08-01T12:30:28.421,5.01000000000,0.85987070000,0.02946219200,-0.50905603000,0.02482794800
etaWear,FEAC84C53DE7,1722504628431,2024-08-01T12:30:28.431,5.02000000000,0.85986750000,0.02948250400,-0.50905630000,0.02490720900
etaWear,FEAC84C53DE7,1722504628441,2024-08-01T12:30:28.441,5.03000000000,0.85986750000,0.02948250400,-0.50905630000,0.02490720900
etaWear,FEAC84C53DE7,1722504628451,2024-08-01T12:30:28.451,5.04000000000,0.85986750000,0.02948250400,-0.50905630000,0.02490720900
etaWear,FEAC84C53DE7,1722504628501,2024-08-01T12:30:28.501,5.09000000000,0.85986190000,0.02964544300,-0.50905160000,0.02500367000
etaWear,FEAC84C53DE7,1722504628511,2024-08-01T12:30:28.511,5.10000000000,0.85985976000,0.02970763300,-0.50904983000,0.02504048700
etaWear,FEAC84C53DE7,1722504628521,2024-08-01T12:30:28.521,5.11000000000,0.85985790000,0.02976194600,-0.50904820000,0.02507264000
etaWear,FEAC84C53DE7,1722504628531,2024-08-01T12:30:28.531,5.12000000000,0.85988240000,0.02982398500,-0.50900110000,0.02511171400
etaWear,FEAC84C53DE7,1722504628541,2024-08-01T12:30:28.541,5.13000000000,0.85991395000,0.02991731500,-0.50893945000,0.02517001900
etaWear,FEAC84C53DE7,1722504628551,2024-08-01T12:30:28.551,5.14000000000,0.85993934000,0.02997054700,-0.50888890000,0.02526523700
etaWear,FEAC84C53DE7,1722504628561,2024-08-01T12:30:28.561,5.15000000000,0.85993630000,0.02999355000,-0.50888896000,0.02533996700
etaWear,FEAC84C53DE7,1722504628571,2024-08-01T12:30:28.571,5.16000000000,0.85993250000,0.03002419500,-0.50888890000,0.02543008000
etaWear,FEAC84C53DE7,1722504628581,2024-08-01T12:30:28.581,5.17000000000,0.85992897000,0.03005357300,-0.50888890000,0.02551469200
etaWear,FEAC84C53DE7,1722504628591,2024-08-01T12:30:28.591,5.18000000000,0.85992736000,0.03002142900,-0.50889080000,0.02556900900
etaWear,FEAC84C53DE7,1722504628601,2024-08-01T12:30:28.601,5.19000000000,0.85992295000,0.03005635000,-0.50889087000,0.02567523500
etaWear,FEAC84C53DE7,1722504628611,2024-08-01T12:30:28.611,5.20000000000,0.85991830000,0.03008591400,-0.50889120000,0.02579051400
etaWear,FEAC84C53DE7,1722504628621,2024-08-01T12:30:28.621,5.21000000000,0.85991627000,0.03004573500,-0.50889360000,0.02585841000
etaWear,FEAC84C53DE7,1722504628631,2024-08-01T12:30:28.631,5.22000000000,0.85991440000,0.03000892900,-0.50889575000,0.02592060300
etaWear,FEAC84C53DE7,1722504628641,2024-08-01T12:30:28.641,5.23000000000,0.85991055000,0.03001853500,-0.50889660000,0.02601795800
etaWear,FEAC84C53DE7,1722504628651,2024-08-01T12:30:28.651,5.24000000000,0.85990890000,0.02998639000,-0.50889850000,0.02607227300
etaWear,FEAC84C53DE7,1722504628661,2024-08-01T12:30:28.661,5.25000000000,0.85990750000,0.02995960400,-0.50890005000,0.02611753500
etaWear,FEAC84C53DE7,1722504628671,2024-08-01T12:30:28.671,5.26000000000,0.85990550000,0.03001844500,-0.50889826000,0.02615235700
etaWear,FEAC84C53DE7,1722504628681,2024-08-01T12:30:28.681,5.27000000000,0.85990390000,0.03006370700,-0.50889690000,0.02617914400
etaWear,FEAC84C53DE7,1722504628691,2024-08-01T12:30:28.691,5.28000000000,0.85990390000,0.03006370700,-0.50889690000,0.02617914400
etaWear,FEAC84C53DE7,1722504628701,2024-08-01T12:30:28.701,5.29000000000,0.85990180000,0.03012325000,-0.50889510000,0.02621438200
etaWear,FEAC84C53DE7,1722504628711,2024-08-01T12:30:28.711,5.30000000000,0.85989990000,0.03018100600,-0.50889340000,0.02624856300
etaWear,FEAC84C53DE7,1722504628721,2024-08-01T12:30:28.721,5.31000000000,0.85989990000,0.03018100600,-0.50889340000,0.02624856300
etaWear,FEAC84C53DE7,1722504628731,2024-08-01T12:30:28.731,5.32000000000,0.85992770000,0.03022474800,-0.50884223000,0.02627709700
etaWear,FEAC84C53DE7,1722504629001,2024-08-01T12:30:29.001,5.59000000000,0.86039260000,0.02980424800,-0.50802094000,0.02740743200
etaWear,FEAC84C53DE7,1722504629011,2024-08-01T12:30:29.011,5.60000000000,0.86042050000,0.02985276700,-0.50796570000,0.02750006100
etaWear,FEAC84C53DE7,1722504629021,2024-08-01T12:30:29.021,5.61000000000,0.86044460000,0.02981198200,-0.50792354000,0.02756828000
etaWear,FEAC84C53DE7,1722504629031,2024-08-01T12:30:29.031,5.62000000000,0.86044200000,0.02976385900,-0.50792634000,0.02764980500
etaWear,FEAC84C53DE7,1722504629041,2024-08-01T12:30:29.041,5.63000000000,0.86043876000,0.02970504000,-0.50792980000,0.02774944300
etaWear,FEAC84C53DE7,1722504629051,2024-08-01T12:30:29.051,5.64000000000,0.86043530000,0.02964206200,-0.50793350000,0.02785612800
etaWear,FEAC84C53DE7,1722504629061,2024-08-01T12:30:29.061,5.65000000000,0.86040500000,0.02957936200,-0.50798255000,0.02796326400
etaWear,FEAC84C53DE7,1722504629071,2024-08-01T12:30:29.071,5.66000000000,0.86036974000,0.02952230300,-0.50804030000,0.02806103000
etaWear,FEAC84C53DE7,1722504629081,2024-08-01T12:30:29.081,5.67000000000,0.86033500000,0.02947594200,-0.50809747000,0.02814068300
etaWear,FEAC84C53DE7,1722504629091,2024-08-01T12:30:29.091,5.68000000000,0.86033124000,0.02948111100,-0.50809830000,0.02823535400
etaWear,FEAC84C53DE7,1722504629101,2024-08-01T12:30:29.101,5.69000000000,0.86032950000,0.02944961200,-0.50810015000,0.02828868900
etaWear,FEAC84C53DE7,1722504629111,2024-08-01T12:30:29.111,5.70000000000,0.86032950000,0.02944961200,-0.50810015000,0.02828868900
etaWear,FEAC84C53DE7,1722504629121,2024-08-01T12:30:29.121,5.71000000000,0.86032766000,0.02950395300,-0.50809836000,0.02832078200
etaWear,FEAC84C53DE7,1722504629131,2024-08-01T12:30:29.131,5.72000000000,0.86032490000,0.02958093200,-0.50809574000,0.02836624300
etaWear,FEAC84C53DE7,1722504629141,2024-08-01T12:30:29.141,5.73000000000,0.86032240000,0.02965338700,-0.50809336000,0.02840903400
etaWear,FEAC84C53DE7,1722504629151,2024-08-01T12:30:29.151,5.74000000000,0.86032020000,0.02971678600,-0.50809130000,0.02844647500
etaWear,FEAC84C53DE7,1722504629161,2024-08-01T12:30:29.161,5.75000000000,0.86031824000,0.02977456500,-0.50808936000,0.02848059900
etaWear,FEAC84C53DE7,1722504629171,2024-08-01T12:30:29.171,5.76000000000,0.86031634000,0.02982890600,-0.50808760000,0.02851269200
etaWear,FEAC84C53DE7,1722504629181,2024-08-01T12:30:29.181,5.77000000000,0.86031383000,0.02990136100,-0.50808520000,0.02855548300
etaWear,FEAC84C53DE7,1722504629191,2024-08-01T12:30:29.191,5.78000000000,0.86031010000,0.03001004300,-0.50808156000,0.02861966800
etaWear,FEAC84C53DE7,1722504629201,2024-08-01T12:30:29.201,5.79000000000,0.86030580000,0.03013230900,-0.50807750000,0.02869187500
etaWear,FEAC84C53DE7,1722504629211,2024-08-01T12:30:29.211,5.80000000000,0.86030227000,0.03023193200,-0.50807416000,0.02875071000
etaWear,FEAC84C53DE7,1722504629221,2024-08-01T12:30:29.221,5.81000000000,0.86029977000,0.03030304400,-0.50807180000,0.02879270700
etaWear,FEAC84C53DE7,1722504629231,2024-08-01T12:30:29.231,5.82000000000,0.86029640000,0.03039814000,-0.50806860000,0.02884886800
etaWear,FEAC84C53DE7,1722504629241,2024-08-01T12:30:29.241,5.83000000000,0.86029310000,0.03049323300,-0.50806540000,0.02890502800
etaWear,FEAC84C53DE7,1722504629251,2024-08-01T12:30:29.251,5.84000000000,0.86029050000,0.03056568700,-0.50806296000,0.02894781700
etaWear,FEAC84C53DE7,1722504629261,2024-08-01T12:30:29.261,5.85000000000,0.86028844000,0.03062455400,-0.50806100000,0.02898258300
etaWear,FEAC84C53DE7,1722504629311,2024-08-01T12:30:29.311,5.90000000000,0.86028665000,0.03067436400,-0.50805930000,0.02901200000
etaWear,FEAC84C53DE7,1722504629321,2024-08-01T12:30:29.321,5.91000000000,0.86028385000,0.03075226400,-0.50805670000,0.02905800600
etaWear,FEAC84C53DE7,1722504629331,2024-08-01T12:30:29.331,5.92000000000,0.86028070000,0.03084115100,-0.50805370000,0.02911050000
etaWear,FEAC84C53DE7,1722504629341,2024-08-01T12:30:29.341,5.93000000000,0.86030406000,0.03091964700,-0.50800660000,0.02915933700
etaWear,FEAC84C53DE7,1722504629351,2024-08-01T12:30:29.351,5.94000000000,0.86029506000,0.03105112500,-0.50801265000,0.02918024700
etaWear,FEAC84C53DE7,1722504629361,2024-08-01T12:30:29.361,5.95000000000,0.86029800000,0.03119718100,-0.50799760000,0.02919873600
etaWear,FEAC84C53DE7,1722504629371,2024-08-01T12:30:29.371,5.96000000000,0.86032110000,0.03136510400,-0.50794977000,0.02917018500
etaWear,FEAC84C53DE7,1722504629381,2024-08-01T12:30:29.381,5.97000000000,0.86037177000,0.03152128700,-0.50785613000,0.02913880500
etaWear,FEAC84C53DE7,1722504629391,2024-08-01T12:30:29.391,5.98000000000,0.86044760000,0.03167299600,-0.50772023000,0.02910263700
etaWear,FEAC84C53DE7,1722504629401,2024-08-01T12:30:29.401,5.99000000000,0.86053540000,0.03181313400,-0.50756500000,0.02906255800
etaWear,FEAC84C53DE7,1722504629411,2024-08-01T12:30:29.411,6.00000000000,0.86065870000,0.03196837000,-0.50734760000,0.02903699500
etaWear,FEAC84C53DE7,1722504629421,2024-08-01T12:30:29.421,6.01000000000,0.86081410000,0.03214195400,-0.50707420000,0.02901172800
etaWear,FEAC84C53DE7,1722504629431,2024-08-01T12:30:29.431,6.02000000000,0.86099270000,0.03233030800,-0.50676024000,0.02898663000
etaWear,FEAC84C53DE7,1722504629441,2024-08-01T12:30:29.441,6.03000000000,0.86119705000,0.03251733000,-0.50640285000,0.02895497900
etaWear,FEAC84C53DE7,1722504629451,2024-08-01T12:30:29.451,6.04000000000,0.86142886000,0.03271011600,-0.50599873000,0.02890680000
etaWear,FEAC84C53DE7,1722504629461,2024-08-01T12:30:29.461,6.05000000000,0.86168635000,0.03292365700,-0.50554967000,0.02884843000
etaWear,FEAC84C53DE7,1722504629471,2024-08-01T12:30:29.471,6.06000000000,0.86197203000,0.03315863000,-0.50505185000,0.02876351800
etaWear,FEAC84C53DE7,1722504629481,2024-08-01T12:30:29.481,6.07000000000,0.86228180000,0.03340939400,-0.50451374000,0.02862819800
etaWear,FEAC84C53DE7,1722504629491,2024-08-01T12:30:29.491,6.08000000000,0.86264610000,0.03362053300,-0.50388860000,0.02841713000
etaWear,FEAC84C53DE7,1722504629501,2024-08-01T12:30:29.501,6.09000000000,0.86307156000,0.03381908300,-0.50316190000,0.02813996200
etaWear,FEAC84C53DE7,1722504629511,2024-08-01T12:30:29.511,6.10000000000,0.86356300000,0.03400826000,-0.50232380000,0.02780314300
etaWear,FEAC84C53DE7,1722504629521,2024-08-01T12:30:29.521,6.11000000000,0.86411095000,0.03418035800,-0.50138897000,0.02744128000
etaWear,FEAC84C53DE7,1722504629531,2024-08-01T12:30:29.531,6.12000000000,0.86473894000,0.03434550400,-0.50031537000,0.02704611800
etaWear,FEAC84C53DE7,1722504629541,2024-08-01T12:30:29.541,6.13000000000,0.86543560000,0.03447067000,-0.49912474000,0.02659857300
etaWear,FEAC84C53DE7,1722504629551,2024-08-01T12:30:29.551,6.14000000000,0.86625040000,0.03460782800,-0.49772580000,0.02610634500
etaWear,FEAC84C53DE7,1722504629561,2024-08-01T12:30:29.561,6.15000000000,0.86718420000,0.03477476000,-0.49611240000,0.02558565000
etaWear,FEAC84C53DE7,1722504629571,2024-08-01T12:30:29.571,6.16000000000,0.86822120000,0.03493825000,-0.49431425000,0.02499225500
etaWear,FEAC84C53DE7,1722504629581,2024-08-01T12:30:29.581,6.17000000000,0.86931914000,0.03505552000,-0.49240726000,0.02429618500
etaWear,FEAC84C53DE7,1722504629591,2024-08-01T12:30:29.591,6.18000000000,0.87055640000,0.03511491800,-0.49025210000,0.02348078400
etaWear,FEAC84C53DE7,1722504629601,2024-08-01T12:30:29.601,6.19000000000,0.87193810000,0.03516688000,-0.48782790000,0.02260856000
etaWear,FEAC84C53DE7,1722504629611,2024-08-01T12:30:29.611,6.20000000000,0.87346740000,0.03523713700,-0.48512092000,0.02169620600
etaWear,FEAC84C53DE7,1722504629621,2024-08-01T12:30:29.621,6.21000000000,0.87513936000,0.03527518700,-0.48213800000,0.02072878600
etaWear,FEAC84C53DE7,1722504629631,2024-08-01T12:30:29.631,6.22000000000,0.87695230000,0.03532129000,-0.47887020000,0.01975771000
etaWear,FEAC84C53DE7,1722504629641,2024-08-01T12:30:29.641,6.23000000000,0.87901760000,0.03543994200,-0.47509676000,0.01884459500
etaWear,FEAC84C53DE7,1722504629651,2024-08-01T12:30:29.651,6.24000000000,0.88111210000,0.03561712400,-0.47121970000,0.01801904100
etaWear,FEAC84C53DE7,1722504629661,2024-08-01T12:30:29.661,6.25000000000,0.88331690000,0.03576252000,-0.46709370000,0.01719754400
etaWear,FEAC84C53DE7,1722504629671,2024-08-01T12:30:29.671,6.26000000000,0.88554317000,0.03585772000,-0.46288028000,0.01641305200
etaWear,FEAC84C53DE7,1722504629681,2024-08-01T12:30:29.681,6.27000000000,0.88772416000,0.03591926800,-0.45870490000,0.01566803500
etaWear,FEAC84C53DE7,1722504629691,2024-08-01T12:30:29.691,6.28000000000,0.88984240000,0.03593415400,-0.45460537000,0.01494215600
etaWear,FEAC84C53DE7,1722504629701,2024-08-01T12:30:29.701,6.29000000000,0.89185800000,0.03593313700,-0.45066065000,0.01424651800
etaWear,FEAC84C53DE7,1722504629711,2024-08-01T12:30:29.711,6.30000000000,0.89384340000,0.03597967300,-0.44672644000,0.01359268800
etaWear,FEAC84C53DE7,1722504629721,2024-08-01T12:30:29.721,6.31000000000,0.89574170000,0.03609810400,-0.44291562000,0.01301561000
etaWear,FEAC84C53DE7,1722504629731,2024-08-01T12:30:29.731,6.32000000000,0.89754330000,0.03617835000,-0.43926334000,0.01244123800
etaWear,FEAC84C53DE7,1722504629741,2024-08-01T12:30:29.741,6.33000000000,0.89927614000,0.03617450200,-0.43572280000,0.01180852200
etaWear,FEAC84C53DE7,1722504629751,2024-08-01T12:30:29.751,6.34000000000,0.90096050000,0.03618263500,-0.43224580000,0.01116085800
etaWear,FEAC84C53DE7,1722504629761,2024-08-01T12:30:29.761,6.35000000000,0.90258800000,0.03624323400,-0.42884827000,0.01050936900
etaWear,FEAC84C53DE7,1722504629771,2024-08-01T12:30:29.771,6.36000000000,0.90424615000,0.03627470000,-0.42535537000,0.00978580400
etaWear,FEAC84C53DE7,1722504629781,2024-08-01T12:30:29.781,6.37000000000,0.90588695000,0.03625451800,-0.42186925000,0.00898509300
etaWear,FEAC84C53DE7,1722504629791,2024-08-01T12:30:29.791,6.38000000000,0.90749740000,0.03626095500,-0.41841057000,0.00813859300
etaWear,FEAC84C53DE7,1722504629801,2024-08-01T12:30:29.801,6.39000000000,0.90908160000,0.03627636700,-0.41497220000,0.00726072630
etaWear,FEAC84C53DE7,1722504629811,2024-08-01T12:30:29.811,6.40000000000,0.91064970000,0.03626495600,-0.41153574000,0.00634154600
etaWear,FEAC84C53DE7,1722504629821,2024-08-01T12:30:29.821,6.41000000000,0.91218430000,0.03625263600,-0.40813786000,0.00539767000
etaWear,FEAC84C53DE7,1722504629831,2024-08-01T12:30:29.831,6.42000000000,0.91374665000,0.03626478000,-0.40463877000,0.00441555170
etaWear,FEAC84C53DE7,1722504629841,2024-08-01T12:30:29.841,6.43000000000,0.91530526000,0.03628937000,-0.40110785000,0.00343353840
etaWear,FEAC84C53DE7,1722504629851,2024-08-01T12:30:29.851,6.44000000000,0.91685690000,0.03633739800,-0.39755115000,0.00246279130
etaWear,FEAC84C53DE7,1722504629861,2024-08-01T12:30:29.861,6.45000000000,0.91839030000,0.03641928400,-0.39399323000,0.00151820560
etaWear,FEAC84C53DE7,1722504629871,2024-08-01T12:30:29.871,6.46000000000,0.91990155000,0.03652408700,-0.39044446000,0.00061170774
etaWear,FEAC84C53DE7,1722504629881,2024-08-01T12:30:29.881,6.47000000000,0.92137504000,0.03666109000,-0.38694190000,-0.00024028354
etaWear,FEAC84C53DE7,1722504629891,2024-08-01T12:30:29.891,6.48000000000,0.92288077000,0.03682183000,-0.38331985000,-0.00106306080
etaWear,FEAC84C53DE7,1722504629901,2024-08-01T12:30:29.901,6.49000000000,0.92439413000,0.03695618400,-0.37963970000,-0.00184886240
etaWear,FEAC84C53DE7,1722504629911,2024-08-01T12:30:29.911,6.50000000000,0.92589056000,0.03711060800,-0.37595612000,-0.00254653200
etaWear,FEAC84C53DE7,1722504629921,2024-08-01T12:30:29.921,6.51000000000,0.92735300000,0.03726966300,-0.37231380000,-0.00314723840
etaWear,FEAC84C53DE7,1722504629931,2024-08-01T12:30:29.931,6.52000000000,0.92875355000,0.03738946000,-0.36878902000,-0.00366416100
etaWear,FEAC84C53DE7,1722504629941,2024-08-01T12:30:29.941,6.53000000000,0.93015620000,0.03751497300,-0.36521938000,-0.00411656820
etaWear,FEAC84C53DE7,1722504629951,2024-08-01T12:30:29.951,6.54000000000,0.93153340000,0.03767445000,-0.36167103000,-0.00449979540
etaWear,FEAC84C53DE7,1722504629961,2024-08-01T12:30:29.961,6.55000000000,0.93289590000,0.03787232200,-0.35811675000,-0.00482329100
etaWear,FEAC84C53DE7,1722504629971,2024-08-01T12:30:29.971,6.56000000000,0.93418086000,0.03804675000,-0.35472897000,-0.00509615240
etaWear,FEAC84C53DE7,1722504629981,2024-08-01T12:30:29.981,6.57000000000,0.93544590000,0.03825963300,-0.35135287000,-0.00532420700
etaWear,FEAC84C53DE7,1722504629991,2024-08-01T12:30:29.991,6.58000000000,0.93665797000,0.03841038800,-0.34808874000,-0.00554413300
etaWear,FEAC84C53DE7,1722504630001,2024-08-01T12:30:30.001,6.59000000000,0.93786480000,0.03856142000,-0.34480330000,-0.00576502970
etaWear,FEAC84C53DE7,1722504630011,2024-08-01T12:30:30.011,6.60000000000,0.93904114000,0.03865107500,-0.34157217000,-0.00602176040
etaWear,FEAC84C53DE7,1722504630021,2024-08-01T12:30:30.021,6.61000000000,0.94022185000,0.03885150300,-0.33827996000,-0.00633722300
etaWear,FEAC84C53DE7,1722504630031,2024-08-01T12:30:30.031,6.62000000000,0.94137424000,0.03906502200,-0.33502832000,-0.00666716280
etaWear,FEAC84C53DE7,1722504630041,2024-08-01T12:30:30.041,6.63000000000,0.94249370000,0.03924981000,-0.33183660000,-0.00703862700
etaWear,FEAC84C53DE7,1722504630051,2024-08-01T12:30:30.051,6.64000000000,0.94358010000,0.03938196200,-0.32871030000,-0.00743682170
etaWear,FEAC84C53DE7,1722504630061,2024-08-01T12:30:30.061,6.65000000000,0.94463320000,0.03947637000,-0.32564992000,-0.00786954100
etaWear,FEAC84C53DE7,1722504630071,2024-08-01T12:30:30.071,6.66000000000,0.94564290000,0.03953843600,-0.32268740000,-0.00830734200
etaWear,FEAC84C53DE7,1722504630081,2024-08-01T12:30:30.081,6.67000000000,0.94664866000,0.03959326400,-0.31970550000,-0.00878031550
etaWear,FEAC84C53DE7,1722504630091,2024-08-01T12:30:30.091,6.68000000000,0.94762520000,0.03960415700,-0.31678360000,-0.00928148200
etaWear,FEAC84C53DE7,1722504630101,2024-08-01T12:30:30.101,6.69000000000,0.94857520000,0.03960047300,-0.31391218000,-0.00979567900
etaWear,FEAC84C53DE7,1722504630111,2024-08-01T12:30:30.111,6.70000000000,0.94948244000,0.03960159800,-0.31114057000,-0.01031618500
etaWear,FEAC84C53DE7,1722504630121,2024-08-01T12:30:30.121,6.71000000000,0.95039230000,0.03957596800,-0.30833417000,-0.01086659800
etaWear,FEAC84C53DE7,1722504630131,2024-08-01T12:30:30.131,6.72000000000,0.95128450000,0.03951896700,-0.30555752000,-0.01142419700
etaWear,FEAC84C53DE7,1722504630141,2024-08-01T12:30:30.141,6.73000000000,0.95215416000,0.03944021500,-0.30282520000,-0.01198626800
etaWear,FEAC84C53DE7,1722504630151,2024-08-01T12:30:30.151,6.74000000000,0.95300040000,0.03933746700,-0.30014220000,-0.01254840300
etaWear,FEAC84C53DE7,1722504630161,2024-08-01T12:30:30.161,6.75000000000,0.95382905000,0.03922550400,-0.29748860000,-0.01311124100
etaWear,FEAC84C53DE7,1722504630171,2024-08-01T12:30:30.171,6.76000000000,0.95462316000,0.03911965000,-0.29492038000,-0.01365137700
etaWear,FEAC84C53DE7,1722504630181,2024-08-01T12:30:30.181,6.77000000000,0.95541360000,0.03899840600,-0.29233932000,-0.01420135500
etaWear,FEAC84C53DE7,1722504630191,2024-08-01T12:30:30.191,6.78000000000,0.95619360000,0.03889478400,-0.28976452000,-0.01474452200
etaWear,FEAC84C53DE7,1722504630201,2024-08-01T12:30:30.201,6.79000000000,0.95695174000,0.03880700000,-0.28723538000,-0.01526455800
etaWear,FEAC84C53DE7,1722504630211,2024-08-01T12:30:30.211,6.80000000000,0.95768890000,0.03871207300,-0.28475338000,-0.01576959500
etaWear,FEAC84C53DE7,1722504630221,2024-08-01T12:30:30.221,6.81000000000,0.95841485000,0.03860822000,-0.28228596000,-0.01627381900
etaWear,FEAC84C53DE7,1722504630231,2024-08-01T12:30:30.231,6.82000000000,0.95911360000,0.03849068700,-0.27989130000,-0.01674676100
etaWear,FEAC84C53DE7,1722504630241,2024-08-01T12:30:30.241,6.83000000000,0.95981110000,0.03836626000,-0.27747956000,-0.01719943800
etaWear,FEAC84C53DE7,1722504630251,2024-08-01T12:30:30.251,6.84000000000,0.96043340000,0.03816473000,-0.27531967000,-0.01761027200
etaWear,FEAC84C53DE7,1722504630261,2024-08-01T12:30:30.261,6.85000000000,0.96102820000,0.03799121000,-0.27323570000,-0.01799366400
etaWear,FEAC84C53DE7,1722504630271,2024-08-01T12:30:30.271,6.86000000000,0.96159834000,0.03785461600,-0.27121803000,-0.01834133500
etaWear,FEAC84C53DE7,1722504630281,2024-08-01T12:30:30.281,6.87000000000,0.96213937000,0.03773944500,-0.26928687000,-0.01865844000
etaWear,FEAC84C53DE7,1722504630291,2024-08-01T12:30:30.291,6.88000000000,0.96264094000,0.03761469200,-0.26748620000,-0.01893851200
etaWear,FEAC84C53DE7,1722504630301,2024-08-01T12:30:30.301,6.89000000000,0.96311750000,0.03749933500,-0.26576420000,-0.01918058100
etaWear,FEAC84C53DE7,1722504630311,2024-08-01T12:30:30.311,6.90000000000,0.96355313000,0.03736425000,-0.26418573000,-0.01936728700
etaWear,FEAC84C53DE7,1722504630321,2024-08-01T12:30:30.321,6.91000000000,0.96393824000,0.03715789300,-0.26279563000,-0.01951426800
etaWear,FEAC84C53DE7,1722504630331,2024-08-01T12:30:30.331,6.92000000000,0.96427226000,0.03687653700,-0.26159883000,-0.01962804800
etaWear,FEAC84C53DE7,1722504630341,2024-08-01T12:30:30.341,6.93000000000,0.96455455000,0.03659233000,-0.26059258000,-0.01967241600
etaWear,FEAC84C53DE7,1722504630351,2024-08-01T12:30:30.351,6.94000000000,0.96477540000,0.03634915500,-0.25980487000,-0.01971273500
etaWear,FEAC84C53DE7,1722504630361,2024-08-01T12:30:30.361,6.95000000000,0.96517575000,0.03618557000,-0.25833690000,-0.01970574300
etaWear,FEAC84C53DE7,1722504630371,2024-08-01T12:30:30.371,6.96000000000,0.96550685000,0.03606589000,-0.25711930000,-0.01963414400
etaWear,FEAC84C53DE7,1722504630381,2024-08-01T12:30:30.381,6.97000000000,0.96576820000,0.03597743400,-0.25615750000,-0.01951460700
etaWear,FEAC84C53DE7,1722504630391,2024-08-01T12:30:30.391,6.98000000000,0.96596384000,0.03596206800,-0.25543392000,-0.01934556300
etaWear,FEAC84C53DE7,1722504630401,2024-08-01T12:30:30.401,6.99000000000,0.96609986000,0.03593767000,-0.25493592000,-0.01916663700
etaWear,FEAC84C53DE7,1722504630411,2024-08-01T12:30:30.411,7.00000000000,0.96619920000,0.03590475800,-0.25457603000,-0.01900293300
etaWear,FEAC84C53DE7,1722504630421,2024-08-01T12:30:30.421,7.01000000000,0.96624490000,0.03592577200,-0.25441226000,-0.01882791700
etaWear,FEAC84C53DE7,1722504630431,2024-08-01T12:30:30.431,7.02000000000,0.96623707000,0.03595632300,-0.25444987000,-0.01866045000
etaWear,FEAC84C53DE7,1722504630441,2024-08-01T12:30:30.441,7.03000000000,0.96619340000,0.03600026700,-0.25462055000,-0.01850916600
etaWear,FEAC84C53DE7,1722504630451,2024-08-01T12:30:30.451,7.04000000000,0.96613050000,0.03606098000,-0.25486080000,-0.01836767000
etaWear,FEAC84C53DE7,1722504630461,2024-08-01T12:30:30.461,7.05000000000,0.96604800000,0.03615253000,-0.25516990000,-0.01823520100
etaWear,FEAC84C53DE7,1722504630471,2024-08-01T12:30:30.471,7.06000000000,0.96595263000,0.03626278800,-0.25552344000,-0.01811922700
etaWear,FEAC84C53DE7,1722504630031,2024-08-01T12:30:30.031,6.62000000000,0.94137424000,0.03906502200,-0.33502832000,-0.00666716280
etaWear,FEAC84C53DE7,1722504630041,2024-08-01T12:30:30.041,6.63000000000,0.94249370000,0.03924981000,-0.33183660000,-0.00703862700
etaWear,FEAC84C53DE7,1722504630051,2024-08-01T12:30:30.051,6.64000000000,0.94358010000,0.03938196200,-0.32871030000,-0.00743682170
etaWear,FEAC84C53DE7,1722504630061,2024-08-01T12:30:30.061,6.65000000000,0.94463320000,0.03947637000,-0.32564992000,-0.00786954100
etaWear,FEAC84C53DE7,1722504630071,2024-08-01T12:30:30.071,6.66000000000,0.94564290000,0.03953843600,-0.32268740000,-0.00830734200
etaWear,FEAC84C53DE7,1722504630081,2024-08-01T12:30:30.081,6.67000000000,0.94664866000,0.03959326400,-0.31970550000,-0.00878031550
etaWear,FEAC84C53DE7,1722504630091,2024-08-01T12:30:30.091,6.68000000000,0.94762520000,0.03960415700,-0.31678360000,-0.00928148200
etaWear,FEAC84C53DE7,1722504630101,2024-08-01T12:30:30.101,6.69000000000,0.94857520000,0.03960047300,-0.31391218000,-0.00979567900
etaWear,FEAC84C53DE7,1722504630111,2024-08-01T12:30:30.111,6.70000000000,0.94948244000,0.03960159800,-0.31114057000,-0.01031618500
etaWear,FEAC84C53DE7,1722504630121,2024-08-01T12:30:30.121,6.71000000000,0.95039230000,0.03957596800,-0.30833417000,-0.01086659800
etaWear,FEAC84C53DE7,1722504630131,2024-08-01T12:30:30.131,6.72000000000,0.95128450000,0.03951896700,-0.30555752000,-0.01142419700
etaWear,FEAC84C53DE7,1722504630141,2024-08-01T12:30:30.141,6.73000000000,0.95215416000,0.03944021500,-0.30282520000,-0.01198626800
etaWear,FEAC84C53DE7,1722504630151,2024-08-01T12:30:30.151,6.74000000000,0.95300040000,0.03933746700,-0.30014220000,-0.01254840300
etaWear,FEAC84C53DE7,1722504630161,2024-08-01T12:30:30.161,6.75000000000,0.95382905000,0.03922550400,-0.29748860000,-0.01311124100
etaWear,FEAC84C53DE7,1722504630171,2024-08-01T12:30:30.171,6.76000000000,0.95462316000,0.03911965000,-0.29492038000,-0.01365137700
etaWear,FEAC84C53DE7,1722504630181,2024-08-01T12:30:30.181,6.77000000000,0.95541360000,0.03899840600,-0.29233932000,-0.01420135500
etaWear,FEAC84C53DE7,1722504630191,2024-08-01T12:30:30.191,6.78000000000,0.95619360000,0.03889478400,-0.28976452000,-0.01474452200
etaWear,FEAC84C53DE7,1722504630201,2024-08-01T12:30:30.201,6.79000000000,0.95695174000,0.03880700000,-0.28723538000,-0.01526455800
etaWear,FEAC84C53DE7,1722504630211,2024-08-01T12:30:30.211,6.80000000000,0.95768890000,0.03871207300,-0.28475338000,-0.01576959500
etaWear,FEAC84C53DE7,1722504630221,2024-08-01T12:30:30.221,6.81000000000,0.95841485000,0.03860822000,-0.28228596000,-0.01627381900
etaWear,FEAC84C53DE7,1722504630231,2024-08-01T12:30:30.231,6.82000000000,0.95911360000,0.03849068700,-0.27989130000,-0.01674676100
etaWear,FEAC84C53DE7,1722504630241,2024-08-01T12:30:30.241,6.83000000000,0.95981110000,0.03836626000,-0.27747956000,-0.01719943800
etaWear,FEAC84C53DE7,1722504630251,2024-08-01T12:30:30.251,6.84000000000,0.96043340000,0.03816473000,-0.27531967000,-0.01761027200
etaWear,FEAC84C53DE7,1722504630261,2024-08-01T12:30:30.261,6.85000000000,0.96102820000,0.03799121000,-0.27323570000,-0.01799366400
etaWear,FEAC84C53DE7,1722504630271,2024-08-01T12:30:30.271,6.86000000000,0.96159834000,0.03785461600,-0.27121803000,-0.01834133500
etaWear,FEAC84C53DE7,1722504630281,2024-08-01T12:30:30.281,6.87000000000,0.96213937000,0.03773944500,-0.26928687000,-0.01865844000
etaWear,FEAC84C53DE7,1722504630291,2024-08-01T12:30:30.291,6.88000000000,0.96264094000,0.03761469200,-0.26748620000,-0.01893851200
etaWear,FEAC84C53DE7,1722504630301,2024-08-01T12:30:30.301,6.89000000000,0.96311750000,0.03749933500,-0.26576420000,-0.01918058100
etaWear,FEAC84C53DE7,1722504630311,2024-08-01T12:30:30.311,6.90000000000,0.96355313000,0.03736425000,-0.26418573000,-0.01936728700
etaWear,FEAC84C53DE7,1722504630321,2024-08-01T12:30:30.321,6.91000000000,0.96393824000,0.03715789300,-0.26279563000,-0.01951426800
etaWear,FEAC84C53DE7,1722504630331,2024-08-01T12:30:30.331,6.92000000000,0.96427226000,0.03687653700,-0.26159883000,-0.01962804800
etaWear,FEAC84C53DE7,1722504630341,2024-08-01T12:30:30.341,6.93000000000,0.96455455000,0.03659233000,-0.26059258000,-0.01967241600
etaWear,FEAC84C53DE7,1722504630351,2024-08-01T12:30:30.351,6.94000000000,0.96477540000,0.03634915500,-0.25980487000,-0.01971273500
etaWear,FEAC84C53DE7,1722504630361,2024-08-01T12:30:30.361,6.95000000000,0.96517575000,0.03618557000,-0.25833690000,-0.01970574300
etaWear,FEAC84C53DE7,1722504630371,2024-08-01T12:30:30.371,6.96000000000,0.96550685000,0.03606589000,-0.25711930000,-0.01963414400
etaWear,FEAC84C53DE7,1722504630381,2024-08-01T12:30:30.381,6.97000000000,0.96576820000,0.03597743400,-0.25615750000,-0.01951460700
etaWear,FEAC84C53DE7,1722504630391,2024-08-01T12:30:30.391,6.98000000000,0.96596384000,0.03596206800,-0.25543392000,-0.01934556300
etaWear,FEAC84C53DE7,1722504630401,2024-08-01T12:30:30.401,6.99000000000,0.96609986000,0.03593767000,-0.25493592000,-0.01916663700
etaWear,FEAC84C53DE7,1722504630411,2024-08-01T12:30:30.411,7.00000000000,0.96619920000,0.03590475800,-0.25457603000,-0.01900293300
etaWear,FEAC84C53DE7,1722504630421,2024-08-01T12:30:30.421,7.01000000000,0.96624490000,0.03592577200,-0.25441226000,-0.01882791700
etaWear,FEAC84C53DE7,1722504630431,2024-08-01T12:30:30.431,7.02000000000,0.96623707000,0.03595632300,-0.25444987000,-0.01866045000
etaWear,FEAC84C53DE7,1722504630441,2024-08-01T12:30:30.441,7.03000000000,0.96619340000,0.03600026700,-0.25462055000,-0.01850916600
etaWear,FEAC84C53DE7,1722504630451,2024-08-01T12:30:30.451,7.04000000000,0.96613050000,0.03606098000,-0.25486080000,-0.01836767000
etaWear,FEAC84C53DE7,1722504630461,2024-08-01T12:30:30.461,7.05000000000,0.96604800000,0.03615253000,-0.25516990000,-0.01823520100
etaWear,FEAC84C53DE7,1722504630471,2024-08-01T12:30:30.471,7.06000000000,0.96595263000,0.03626278800,-0.25552344000,-0.01811922700
etaWear,FEAC84C53DE7,1722504630481,2024-08-01T12:30:30.481,7.07000000000,0.96584740000,0.03637262800,-0.25591270000,-0.01801132600
etaWear,FEAC84C53DE7,1722504629311,2024-08-01T12:30:29.311,5.90000000000,0.86028665000,0.03067436400,-0.50805930000,0.02901200000
etaWear,FEAC84C53DE7,1722504629321,2024-08-01T12:30:29.321,5.91000000000,0.86028385000,0.03075226400,-0.50805670000,0.02905800600
etaWear,FEAC84C53DE7,1722504629331,2024-08-01T12:30:29.331,5.92000000000,0.86028070000,0.03084115100,-0.50805370000,0.02911050000
etaWear,FEAC84C53DE7,1722504629341,2024-08-01T12:30:29.341,5.93000000000,0.86030406000,0.03091964700,-0.50800660000,0.02915933700
etaWear,FEAC84C53DE7,1722504629351,2024-08-01T12:30:29.351,5.94000000000,0.86029506000,0.03105112500,-0.50801265000,0.02918024700
etaWear,FEAC84C53DE7,1722504629361,2024-08-01T12:30:29.361,5.95000000000,0.86029800000,0.03119718100,-0.50799760000,0.02919873600
etaWear,FEAC84C53DE7,1722504629371,2024-08-01T12:30:29.371,5.96000000000,0.86032110000,0.03136510400,-0.50794977000,0.02917018500
etaWear,FEAC84C53DE7,1722504629381,2024-08-01T12:30:29.381,5.97000000000,0.86037177000,0.03152128700,-0.50785613000,0.02913880500
etaWear,FEAC84C53DE7,1722504629391,2024-08-01T12:30:29.391,5.98000000000,0.86044760000,0.03167299600,-0.50772023000,0.02910263700
etaWear,FEAC84C53DE7,1722504629401,2024-08-01T12:30:29.401,5.99000000000,0.86053540000,0.03181313400,-0.50756500000,0.02906255800
etaWear,FEAC84C53DE7,1722504629411,2024-08-01T12:30:29.411,6.00000000000,0.86065870000,0.03196837000,-0.50734760000,0.02903699500
etaWear,FEAC84C53DE7,1722504629421,2024-08-01T12:30:29.421,6.01000000000,0.86081410000,0.03214195400,-0.50707420000,0.02901172800
etaWear,FEAC84C53DE7,1722504629431,2024-08-01T12:30:29.431,6.02000000000,0.86099270000,0.03233030800,-0.50676024000,0.02898663000
etaWear,FEAC84C53DE7,1722504629441,2024-08-01T12:30:29.441,6.03000000000,0.86119705000,0.03251733000,-0.50640285000,0.02895497900
etaWear,FEAC84C53DE7,1722504629451,2024-08-01T12:30:29.451,6.04000000000,0.86142886000,0.03271011600,-0.50599873000,0.02890680000
etaWear,FEAC84C53DE7,1722504629461,2024-08-01T12:30:29.461,6.05000000000,0.86168635000,0.03292365700,-0.50554967000,0.02884843000
etaWear,FEAC84C53DE7,1722504629471,2024-08-01T12:30:29.471,6.06000000000,0.86197203000,0.03315863000,-0.50505185000,0.02876351800
etaWear,FEAC84C53DE7,1722504629481,2024-08-01T12:30:29.481,6.07000000000,0.86228180000,0.03340939400,-0.50451374000,0.02862819800
etaWear,FEAC84C53DE7,1722504629491,2024-08-01T12:30:29.491,6.08000000000,0.86264610000,0.03362053300,-0.50388860000,0.02841713000
etaWear,FEAC84C53DE7,1722504629501,2024-08-01T12:30:29.501,6.09000000000,0.86307156000,0.03381908300,-0.50316190000,0.02813996200
etaWear,FEAC84C53DE7,1722504629511,2024-08-01T12:30:29.511,6.10000000000,0.86356300000,0.03400826000,-0.50232380000,0.02780314300
etaWear,FEAC84C53DE7,1722504629521,2024-08-01T12:30:29.521,6.11000000000,0.86411095000,0.03418035800,-0.50138897000,0.02744128000
etaWear,FEAC84C53DE7,1722504629531,2024-08-01T12:30:29.531,6.12000000000,0.86473894000,0.03434550400,-0.50031537000,0.02704611800
etaWear,FEAC84C53DE7,1722504629541,2024-08-01T12:30:29.541,6.13000000000,0.86543560000,0.03447067000,-0.49912474000,0.02659857300
etaWear,FEAC84C53DE7,1722504629551,2024-08-01T12:30:29.551,6.14000000000,0.86625040000,0.03460782800,-0.49772580000,0.02610634500
etaWear,FEAC84C53DE7,1722504629561,2024-08-01T12:30:29.561,6.15000000000,0.86718420000,0.03477476000,-0.49611240000,0.02558565000
etaWear,FEAC84C53DE7,1722504629571,2024-08-01T12:30:29.571,6.16000000000,0.86822120000,0.03493825000,-0.49431425000,0.02499225500
etaWear,FEAC84C53DE7,1722504629581,2024-08-01T12:30:29.581,6.17000000000,0.86931914000,0.03505552000,-0.49240726000,0.02429618500
etaWear,FEAC84C53DE7,1722504629591,2024-08-01T12:30:29.591,6.18000000000,0.87055640000,0.03511491800,-0.49025210000,0.02348078400
etaWear,FEAC84C53DE7,1722504629601,2024-08-01T12:30:29.601,6.19000000000,0.87193810000,0.03516688000,-0.48782790000,0.02260856000
etaWear,FEAC84C53DE7,1722504629611,2024-08-01T12:30:29.611,6.20000000000,0.87346740000,0.03523713700,-0.48512092000,0.02169620600
etaWear,FEAC84C53DE7,1722504629621,2024-08-01T12:30:29.621,6.21000000000,0.87513936000,0.03527518700,-0.48213800000,0.02072878600
etaWear,FEAC84C53DE7,1722504629631,2024-08-01T12:30:29.631,6.22000000000,0.87695230000,0.03532129000,-0.47887020000,0.01975771000
etaWear,FEAC84C53DE7,1722504630751,2024-08-01T12:30:30.751,7.34000000000,0.96131450000,0.03975804500,-0.27224195000,-0.01333899800
etaWear,FEAC84C53DE7,1722504630761,2024-08-01T12:30:30.761,7.35000000000,0.96099720000,0.03976137200,-0.27337190000,-0.01308282700
etaWear,FEAC84C53DE7,1722504630771,2024-08-01T12:30:30.771,7.36000000000,0.96068156000,0.03976401000,-0.27449095000,-0.01281977600
etaWear,FEAC84C53DE7,1722504630781,2024-08-01T12:30:30.781,7.37000000000,0.96035830000,0.03976402000,-0.27563256000,-0.01254633400
etaWear,FEAC84C53DE7,1722504630791,2024-08-01T12:30:30.791,7.38000000000,0.96003294000,0.03975327000,-0.27677768000,-0.01226840300
etaWear,FEAC84C53DE7,1722504630801,2024-08-01T12:30:30.801,7.39000000000,0.95970553000,0.03973512700,-0.27792567000,-0.01198697500
etaWear,FEAC84C53DE7,1722504630811,2024-08-01T12:30:30.811,7.40000000000,0.95937560000,0.03972961800,-0.27907540000,-0.01170375800
etaWear,FEAC84C53DE7,1722504630821,2024-08-01T12:30:30.821,7.41000000000,0.95903945000,0.03971977000,-0.28024146000,-0.01142332600
etaWear,FEAC84C53DE7,1722504630831,2024-08-01T12:30:30.831,7.42000000000,0.95870334000,0.03971448500,-0.28140038000,-0.01115912900
etaWear,FEAC84C53DE7,1722504630841,2024-08-01T12:30:30.841,7.43000000000,0.95835775000,0.03971373700,-0.28258538000,-0.01089784900
etaWear,FEAC84C53DE7,1722504630851,2024-08-01T12:30:30.851,7.44000000000,0.95800690000,0.03970454300,-0.28378310000,-0.01065805600
etaWear,FEAC84C53DE7,1722504630861,2024-08-01T12:30:30.861,7.45000000000,0.95764655000,0.03972083700,-0.28500298000,-0.01042894550
MetaWear,FEAC84C53DE7,1722504630871,2024-08-01T12:30:30.871,7.46000000000,0.95727974000,0.03974947700,-0.28623640000,-0.01020747100
etaWear,FEAC84C53DE7,1722504630881,2024-08-01T12:30:30.881,7.47000000000,0.95690215000,0.03979528300,-0.28749700000,-0.01000495800
etaWear,FEAC84C53DE7,1722504630891,2024-08-01T12:30:30.891,7.48000000000,0.95651490000,0.03985230600,-0.28878167000,-0.00980623200
etaWear,FEAC84C53DE7,1722504630901,2024-08-01T12:30:30.901,7.49000000000,0.95610980000,0.03990566700,-0.29011930000,-0.00960988300
etaWear,FEAC84C53DE7,1722504630911,2024-08-01T12:30:30.911,7.50000000000,0.95570296000,0.03994310300,-0.29145795000,-0.00941683500
etaWear,FEAC84C53DE7,1722504630921,2024-08-01T12:30:30.921,7.51000000000,0.95529340000,0.03997219700,-0.29279986000,-0.00922219900
etaWear,FEAC84C53DE7,1722504630931,2024-08-01T12:30:30.931,7.52000000000,0.95487666000,0.03992514300,-0.29416853000,-0.00902169600
etaWear,FEAC84C53DE7,1722504630941,2024-08-01T12:30:30.941,7.53000000000,0.95444095000,0.03987181000,-0.29559267000,-0.00881277900
etaWear,FEAC84C53DE7,1722504630951,2024-08-01T12:30:30.951,7.54000000000,0.95400330000,0.03981268800,-0.29701670000,-0.00858943000
etaWear,FEAC84C53DE7,1722504630961,2024-08-01T12:30:30.961,7.55000000000,0.95354010000,0.03974556600,-0.29851615000,-0.00834406450
etaWear,FEAC84C53DE7,1722504630971,2024-08-01T12:30:30.971,7.56000000000,0.95305395000,0.03966896200,-0.30008200000,-0.00808604500
etaWear,FEAC84C53DE7,1722504630981,2024-08-01T12:30:30.981,7.57000000000,0.95253944000,0.03958488000,-0.30172947000,-0.00781213700
etaWear,FEAC84C53DE7,1722504630991,2024-08-01T12:30:30.991,7.58000000000,0.95198720000,0.03949415700,-0.30348635000,-0.00752271500
etaWear,FEAC84C53DE7,1722504631001,2024-08-01T12:30:31.001,7.59000000000,0.95140730000,0.03940132600,-0.30531850000,-0.00723156500
etaWear,FEAC84C53DE7,1722504631011,2024-08-01T12:30:31.011,7.60000000000,0.95081420000,0.03931029000,-0.30717883000,-0.00694885900
etaWear,FEAC84C53DE7,1722504631021,2024-08-01T12:30:31.021,7.61000000000,0.95017950000,0.03921743000,-0.30915424000,-0.00666882660
etaWear,FEAC84C53DE7,1722504631031,2024-08-01T12:30:31.031,7.62000000000,0.94954660000,0.03908407300,-0.31111490000,-0.00642588360
etaWear,FEAC84C53DE7,1722504631041,2024-08-01T12:30:31.041,7.63000000000,0.94887877000,0.03892429500,-0.31317005000,-0.00620269200
etaWear,FEAC84C53DE7,1722504631051,2024-08-01T12:30:31.051,7.64000000000,0.94818950000,0.03874032600,-0.31527740000,-0.00599952460
etaWear,FEAC84C53DE7,1722504631061,2024-08-01T12:30:31.061,7.65000000000,0.94749480000,0.03854974700,-0.31738567000,-0.00581748270
etaWear,FEAC84C53DE7,1722504631071,2024-08-01T12:30:31.071,7.66000000000,0.94676350000,0.03833212300,-0.31958967000,-0.00564438400
etaWear,FEAC84C53DE7,1722504631081,2024-08-01T12:30:31.081,7.67000000000,0.94601107000,0.03809216000,-0.32184145000,-0.00549613300
etaWear,FEAC84C53DE7,1722504631091,2024-08-01T12:30:31.091,7.68000000000,0.94523640000,0.03786304600,-0.32413873000,-0.00535204080
etaWear,FEAC84C53DE7,1722504631101,2024-08-01T12:30:31.101,7.69000000000,0.94444110000,0.03764309700,-0.32647620000,-0.00520990900
etaWear,FEAC84C53DE7,1722504631111,2024-08-01T12:30:31.111,7.70000000000,0.94362450000,0.03740243200,-0.32885873000,-0.00507638650
etaWear,FEAC84C53DE7,1722504631121,2024-08-01T12:30:31.121,7.71000000000,0.94280523000,0.03716593200,-0.33122870000,-0.00494733300
etaWear,FEAC84C53DE7,1722504631131,2024-08-01T12:30:31.131,7.72000000000,0.94194376000,0.03695588000,-0.33369637000,-0.00479609570
etaWear,FEAC84C53DE7,1722504631141,2024-08-01T12:30:31.141,7.73000000000,0.94105090000,0.03672280500,-0.33623374000,-0.00463611600
etaWear,FEAC84C53DE7,1722504631151,2024-08-01T12:30:31.151,7.74000000000,0.94012780000,0.03641645000,-0.33884123000,-0.00448574130
etaWear,FEAC84C53DE7,1722504631161,2024-08-01T12:30:31.161,7.75000000000,0.93918330000,0.03606565000,-0.34148955000,-0.00432111000
etaWear,FEAC84C53DE7,1722504631171,2024-08-01T12:30:31.171,7.76000000000,0.93821930000,0.03568979700,-0.34417096000,-0.00412709450
etaWear,FEAC84C53DE7,1722504631181,2024-08-01T12:30:31.181,7.77000000000,0.93724024000,0.03525668000,-0.34687474000,-0.00395093630
etaWear,FEAC84C53DE7,1722504631191,2024-08-01T12:30:31.191,7.78000000000,0.93619275000,0.03475492400,-0.34974405000,-0.00377663530
etaWear,FEAC84C53DE7,1722504631201,2024-08-01T12:30:31.201,7.79000000000,0.93515470000,0.03425741600,-0.35256106000,-0.00358867270
etaWear,FEAC84C53DE7,1722504631211,2024-08-01T12:30:31.211,7.80000000000,0.93407553000,0.03375797000,-0.35546017000,-0.00337789980
etaWear,FEAC84C53DE7,1722504631441,2024-08-01T12:30:31.441,8.03000000000,0.89862160000,0.02629473800,-0.43787250000,0.00744183550
etaWear,FEAC84C53DE7,1722504631451,2024-08-01T12:30:31.451,8.04000000000,0.89645800000,0.02595432000,-0.44228682000,0.00847021700
etaWear,FEAC84C53DE7,1722504631461,2024-08-01T12:30:31.461,8.05000000000,0.89426030000,0.02554079100,-0.44671580000,0.00954985300
etaWear,FEAC84C53DE7,1722504631471,2024-08-01T12:30:31.471,8.06000000000,0.89204407000,0.02507946000,-0.45112565000,0.01067659100
etaWear,FEAC84C53DE7,1722504631481,2024-08-01T12:30:31.481,8.07000000000,0.88985800000,0.02460484600,-0.45542046000,0.01181277200
etaWear,FEAC84C53DE7,1722504631491,2024-08-01T12:30:31.491,8.08000000000,0.88762690000,0.02411285600,-0.45974790000,0.01299694300
etaWear,FEAC84C53DE7,1722504631501,2024-08-01T12:30:31.501,8.09000000000,0.88539094000,0.02358448900,-0.46403190000,0.01418117300
etaWear,FEAC84C53DE7,1722504631511,2024-08-01T12:30:31.511,8.10000000000,0.88313220000,0.02299524300,-0.46830967000,0.01532140750
etaWear,FEAC84C53DE7,1722504631521,2024-08-01T12:30:31.521,8.11000000000,0.88084810000,0.02236431000,-0.47258547000,0.01641531000
etaWear,FEAC84C53DE7,1722504631531,2024-08-01T12:30:31.531,8.12000000000,0.87851787000,0.02178210200,-0.47689015000,0.01753973200
etaWear,FEAC84C53DE7,1722504631541,2024-08-01T12:30:31.541,8.13000000000,0.87611717000,0.02121839500,-0.48127052000,0.01862964000
etaWear,FEAC84C53DE7,1722504631551,2024-08-01T12:30:31.551,8.14000000000,0.87356350000,0.02056053800,-0.48587830000,0.01965239300
etaWear,FEAC84C53DE7,1722504631561,2024-08-01T12:30:31.561,8.15000000000,0.87101780000,0.01988555700,-0.49041665000,0.02059512800
etaWear,FEAC84C53DE7,1722504631571,2024-08-01T12:30:31.571,8.16000000000,0.86858710000,0.01924559100,-0.49469706000,0.02146949800
etaWear,FEAC84C53DE7,1722504631581,2024-08-01T12:30:31.581,8.17000000000,0.86626720000,0.01866924000,-0.49873462000,0.02227914500
etaWear,FEAC84C53DE7,1722504631591,2024-08-01T12:30:31.591,8.18000000000,0.86401665000,0.01816322500,-0.50260850000,0.02302522800
etaWear,FEAC84C53DE7,1722504631601,2024-08-01T12:30:31.601,8.19000000000,0.86185720000,0.01773676600,-0.50628660000,0.02369462100
etaWear,FEAC84C53DE7,1722504631611,2024-08-01T12:30:31.611,8.20000000000,0.85970000000,0.01740987200,-0.50992155000,0.02434564200
etaWear,FEAC84C53DE7,1722504631621,2024-08-01T12:30:31.621,8.21000000000,0.85755070000,0.01721242600,-0.51350260000,0.02501352900
etaWear,FEAC84C53DE7,1722504631631,2024-08-01T12:30:31.631,8.22000000000,0.85534840000,0.01719147200,-0.51712780000,0.02573557000
etaWear,FEAC84C53DE7,1722504631641,2024-08-01T12:30:31.641,8.23000000000,0.85306174000,0.01723943000,-0.52085364000,0.02645778700
etaWear,FEAC84C53DE7,1722504631651,2024-08-01T12:30:31.651,8.24000000000,0.85074824000,0.01735755600,-0.52458190000,0.02720037100
etaWear,FEAC84C53DE7,1722504631941,2024-08-01T12:30:31.941,8.53000000000,0.79772450000,0.02407594000,-0.60115150000,0.04089990600
etaWear,FEAC84C53DE7,1722504631951,2024-08-01T12:30:31.951,8.54000000000,0.79642737000,0.02414385600,-0.60287430000,0.04078057800
etaWear,FEAC84C53DE7,1722504631961,2024-08-01T12:30:31.961,8.55000000000,0.79511120000,0.02423686200,-0.60462034000,0.04055918000
etaWear,FEAC84C53DE7,1722504631971,2024-08-01T12:30:31.971,8.56000000000,0.79381750000,0.02433122000,-0.60633564000,0.04023474000
etaWear,FEAC84C53DE7,1722504631981,2024-08-01T12:30:31.981,8.57000000000,0.79255690000,0.02442179800,-0.60800760000,0.03979852800
etaWear,FEAC84C53DE7,1722504631991,2024-08-01T12:30:31.991,8.58000000000,0.79137470000,0.02446455500,-0.60957670000,0.03929192600
etaWear,FEAC84C53DE7,1722504632001,2024-08-01T12:30:32.001,8.59000000000,0.79019720000,0.02445850300,-0.61113900000,0.03872152400
etaWear,FEAC84C53DE7,1722504632011,2024-08-01T12:30:32.011,8.60000000000,0.78906000000,0.02439701000,-0.61264740000,0.03810787000
etaWear,FEAC84C53DE7,1722504632021,2024-08-01T12:30:32.021,8.61000000000,0.78801394000,0.02432763800,-0.61403173000,0.03751342000
etaWear,FEAC84C53DE7,1722504632031,2024-08-01T12:30:32.031,8.62000000000,0.78699650000,0.02430236900,-0.61536800000,0.03698663000
etaWear,FEAC84C53DE7,1722504632041,2024-08-01T12:30:32.041,8.63000000000,0.78598820000,0.02430918800,-0.61668193000,0.03653662000
etaWear,FEAC84C53DE7,1722504632051,2024-08-01T12:30:32.051,8.64000000000,0.78498936000,0.02434916200,-0.61797434000,0.03614635400
etaWear,FEAC84C53DE7,1722504632061,2024-08-01T12:30:32.061,8.65000000000,0.78402734000,0.02441739500,-0.61921054000,0.03582096500
etaWear,FEAC84C53DE7,1722504632071,2024-08-01T12:30:32.071,8.66000000000,0.78311944000,0.02450038500,-0.62036884000,0.03558213600
etaWear,FEAC84C53DE7,1722504631941,2024-08-01T12:30:31.941,8.53000000000,0.79772450000,0.02407594000,-0.60115150000,0.04089990600
etaWear,FEAC84C53DE7,1722504631951,2024-08-01T12:30:31.951,8.54000000000,0.79642737000,0.02414385600,-0.60287430000,0.04078057800
etaWear,FEAC84C53DE7,1722504631961,2024-08-01T12:30:31.961,8.55000000000,0.79511120000,0.02423686200,-0.60462034000,0.04055918000
etaWear,FEAC84C53DE7,1722504631971,2024-08-01T12:30:31.971,8.56000000000,0.79381750000,0.02433122000,-0.60633564000,0.04023474000
etaWear,FEAC84C53DE7,1722504631981,2024-08-01T12:30:31.981,8.57000000000,0.79255690000,0.02442179800,-0.60800760000,0.03979852800
etaWear,FEAC84C53DE7,1722504631991,2024-08-01T12:30:31.991,8.58000000000,0.79137470000,0.02446455500,-0.60957670000,0.03929192600
etaWear,FEAC84C53DE7,1722504632001,2024-08-01T12:30:32.001,8.59000000000,0.79019720000,0.02445850300,-0.61113900000,0.03872152400
etaWear,FEAC84C53DE7,1722504632011,2024-08-01T12:30:32.011,8.60000000000,0.78906000000,0.02439701000,-0.61264740000,0.03810787000
etaWear,FEAC84C53DE7,1722504632021,2024-08-01T12:30:32.021,8.61000000000,0.78801394000,0.02432763800,-0.61403173000,0.03751342000
etaWear,FEAC84C53DE7,1722504632031,2024-08-01T12:30:32.031,8.62000000000,0.78699650000,0.02430236900,-0.61536800000,0.03698663000
etaWear,FEAC84C53DE7,1722504632041,2024-08-01T12:30:32.041,8.63000000000,0.78598820000,0.02430918800,-0.61668193000,0.03653662000
etaWear,FEAC84C53DE7,1722504632051,2024-08-01T12:30:32.051,8.64000000000,0.78498936000,0.02434916200,-0.61797434000,0.03614635400
etaWear,FEAC84C53DE7,1722504632061,2024-08-01T12:30:32.061,8.65000000000,0.78402734000,0.02441739500,-0.61921054000,0.03582096500
etaWear,FEAC84C53DE7,1722504632071,2024-08-01T12:30:32.071,8.66000000000,0.78311944000,0.02450038500,-0.62036884000,0.03558213600
etaWear,FEAC84C53DE7,1722504632261,2024-08-01T12:30:32.261,8.85000000000,0.77588904000,0.02462091300,-0.62933130000,0.03649728000
etaWear,FEAC84C53DE7,1722504632271,2024-08-01T12:30:32.271,8.86000000000,0.77592970000,0.02455316300,-0.62927920000,0.03657712400
etaWear,FEAC84C53DE7,1722504632281,2024-08-01T12:30:32.281,8.87000000000,0.77601284000,0.02446721500,-0.62917440000,0.03667558400
etaWear,FEAC84C53DE7,1722504632291,2024-08-01T12:30:32.291,8.88000000000,0.77613634000,0.02436108900,-0.62901896000,0.03679421500
etaWear,FEAC84C53DE7,1722504632301,2024-08-01T12:30:32.301,8.89000000000,0.77629155000,0.02429543200,-0.62881860000,0.03699115300
etaWear,FEAC84C53DE7,1722504632311,2024-08-01T12:30:32.311,8.90000000000,0.77647847000,0.02426307000,-0.62857560000,0.03721923400
etaWear,FEAC84C53DE7,1722504632321,2024-08-01T12:30:32.321,8.91000000000,0.77670790000,0.02426494300,-0.62827444000,0.03751294000
etaWear,FEAC84C53DE7,1722504632331,2024-08-01T12:30:32.331,8.92000000000,0.77695650000,0.02429794900,-0.62794536000,0.03785200400
etaWear,FEAC84C53DE7,1722504632341,2024-08-01T12:30:32.341,8.93000000000,0.77721924000,0.02435442200,-0.62759680000,0.03820131700
etaWear,FEAC84C53DE7,1722504632351,2024-08-01T12:30:32.351,8.94000000000,0.77749200000,0.02439620700,-0.62723750000,0.03852391600
etaWear,FEAC84C53DE7,1722504632361,2024-08-01T12:30:32.361,8.95000000000,0.77778690000,0.02442699000,-0.62685230000,0.03882065400
etaWear,FEAC84C53DE7,1722504632371,2024-08-01T12:30:32.371,8.96000000000,0.77807410000,0.02443357600,-0.62647986000,0.03907112000
etaWear,FEAC84C53DE7,1722504632381,2024-08-01T12:30:32.381,8.97000000000,0.77837150000,0.02441573900,-0.62609786000,0.03928090600
etaWear,FEAC84C53DE7,1722504632391,2024-08-01T12:30:32.391,8.98000000000,0.77868320000,0.02441026600,-0.62569880000,0.03946540000
etaWear,FEAC84C53DE7,1722504632401,2024-08-01T12:30:32.401,8.99000000000,0.77901130000,0.02444583200,-0.62527920000,0.03961830200
etaWear,FEAC84C53DE7,1722504632411,2024-08-01T12:30:32.411,9.00000000000,0.77935220000,0.02449693700,-0.62484730000,0.03969771800
etaWear,FEAC84C53DE7,1722504632421,2024-08-01T12:30:32.421,9.01000000000,0.77972540000,0.02453047800,-0.62438244000,0.03966372000
etaWear,FEAC84C53DE7,1722504632431,2024-08-01T12:30:32.431,9.02000000000,0.78013220000,0.02453935000,-0.62388164000,0.03953893000
etaWear,FEAC84C53DE7,1722504632441,2024-08-01T12:30:32.441,9.03000000000,0.78057890000,0.02456699300,-0.62333214000,0.03936899000
etaWear,FEAC84C53DE7,1722504632451,2024-08-01T12:30:32.451,9.04000000000,0.78102560000,0.02457937800,-0.62278630000,0.03914188000
etaWear,FEAC84C53DE7,1722504632461,2024-08-01T12:30:32.461,9.05000000000,0.78148870000,0.02453132500,-0.62222534000,0.03884899200
etaWear,FEAC84C53DE7,1722504632471,2024-08-01T12:30:32.471,9.06000000000,0.78199613000,0.02448828000,-0.62160724000,0.03855886300
etaWear,FEAC84C53DE7,1722504632481,2024-08-01T12:30:32.481,9.07000000000,0.78255530000,0.02446885800,-0.62091900000,0.03831652000
etaWear,FEAC84C53DE7,1722504632491,2024-08-01T12:30:32.491,9.08000000000,0.78314500000,0.02444547600,-0.62018940000,0.03809604800
etaWear,FEAC84C53DE7,1722504632581,2024-08-01T12:30:32.581,9.17000000000,0.79125950000,0.02454444800,-0.60983986000,0.03743388000
etaWear,FEAC84C53DE7,1722504632591,2024-08-01T12:30:32.591,9.18000000000,0.79248655000,0.02460271300,-0.60823640000,0.03752798000
etaWear,FEAC84C53DE7,1722504632601,2024-08-01T12:30:32.601,9.19000000000,0.79377550000,0.02469015300,-0.60654190000,0.03765375500
etaWear,FEAC84C53DE7,1722504632611,2024-08-01T12:30:32.611,9.20000000000,0.79510120000,0.02480485300,-0.60478970000,0.03779031700
etaWear,FEAC84C53DE7,1722504632621,2024-08-01T12:30:32.621,9.21000000000,0.79649365000,0.02493022000,-0.60294080000,0.03793052000
etaWear,FEAC84C53DE7,1722504632631,2024-08-01T12:30:32.631,9.22000000000,0.79790910000,0.02504786500,-0.60105470000,0.03803910700
etaWear,FEAC84C53DE7,1722504632641,2024-08-01T12:30:32.641,9.23000000000,0.79935896000,0.02515465000,-0.59911550000,0.03811842000
etaWear,FEAC84C53DE7,1722504632651,2024-08-01T12:30:32.651,9.24000000000,0.80084985000,0.02526119000,-0.59711340000,0.03817120200
etaWear,FEAC84C53DE7,1722504632661,2024-08-01T12:30:32.661,9.25000000000,0.80237220000,0.02537486500,-0.59506005000,0.03818818600
etaWear,FEAC84C53DE7,1722504632671,2024-08-01T12:30:32.671,9.26000000000,0.80390185000,0.02548081800,-0.59298990000,0.03815077200
etaWear,FEAC84C53DE7,1722504632681,2024-08-01T12:30:32.681,9.27000000000,0.80549234000,0.02557839300,-0.59083000000,0.03804646400
etaWear,FEAC84C53DE7,1722504632691,2024-08-01T12:30:32.691,9.28000000000,0.80711090000,0.02570405800,-0.58862036000,0.03790986500
etaWear,FEAC84C53DE7,1722504632701,2024-08-01T12:30:32.701,9.29000000000,0.80875540000,0.02586575800,-0.58636224000,0.03774944300
etaWear,FEAC84C53DE7,1722504632711,2024-08-01T12:30:32.711,9.30000000000,0.81042240000,0.02599009300,-0.58406574000,0.03751326400
etaWear,FEAC84C53DE7,1722504632721,2024-08-01T12:30:32.721,9.31000000000,0.81209934000,0.02613615400,-0.58174264000,0.03724271000
etaWear,FEAC84C53DE7,1722504632731,2024-08-01T12:30:32.731,9.32000000000,0.81380236000,0.02623840800,-0.57937290000,0.03693596300
etaWear,FEAC84C53DE7,1722504632741,2024-08-01T12:30:32.741,9.33000000000,0.81555100000,0.02639603000,-0.57692075000,0.03663742500
etaWear,FEAC84C53DE7,1722504632751,2024-08-01T12:30:32.751,9.34000000000,0.81732064000,0.02657292600,-0.57442360000,0.03630974500
etaWear,FEAC84C53DE7,1722504632761,2024-08-01T12:30:32.761,9.35000000000,0.81905836000,0.02677049300,-0.57195663000,0.03594977400
etaWear,FEAC84C53DE7,1722504632771,2024-08-01T12:30:32.771,9.36000000000,0.82082146000,0.02702965000,-0.56943357000,0.03559349500
etaWear,FEAC84C53DE7,1722504632781,2024-08-01T12:30:32.781,9.37000000000,0.82263370000,0.02732139800,-0.56682110000,0.03522961200
etaWear,FEAC84C53DE7,1722504632791,2024-08-01T12:30:32.791,9.38000000000,0.82447666000,0.02763068100,-0.56414600000,0.03484353000
etaWear,FEAC84C53DE7,1722504632801,2024-08-01T12:30:32.801,9.39000000000,0.82644910000,0.02789543600,-0.56126714000,0.03439412000
etaWear,FEAC84C53DE7,1722504632811,2024-08-01T12:30:32.811,9.40000000000,0.82840675000,0.02810950000,-0.55839264000,0.03390878000
etaWear,FEAC84C53DE7,1722504632821,2024-08-01T12:30:32.821,9.41000000000,0.83045490000,0.02827437600,-0.55536640000,0.03336803600
etaWear,FEAC84C53DE7,1722504632831,2024-08-01T12:30:32.831,9.42000000000,0.83255420000,0.02845172400,-0.55223770000,0.03282496700
etaWear,FEAC84C53DE7,1722504632841,2024-08-01T12:30:32.841,9.43000000000,0.83471220000,0.02865815500,-0.54899230000,0.03227487600
etaWear,FEAC84C53DE7,1722504632851,2024-08-01T12:30:32.851,9.44000000000,0.83687675000,0.02889890200,-0.54570746000,0.03170864300
etaWear,FEAC84C53DE7,1722504632861,2024-08-01T12:30:32.861,9.45000000000,0.83916710000,0.02921837600,-0.54219556000,0.03112551200
etaWear,FEAC84C53DE7,1722504632871,2024-08-01T12:30:32.871,9.46000000000,0.84155770000,0.02956076000,-0.53849447000,0.03050583400
etaWear,FEAC84C53DE7,1722504632881,2024-08-01T12:30:32.881,9.47000000000,0.84417280000,0.02992351400,-0.53440243000,0.02985066200
etaWear,FEAC84C53DE7,1722504632891,2024-08-01T12:30:32.891,9.48000000000,0.84683780000,0.03029285000,-0.53018546000,0.02918091400
etaWear,FEAC84C53DE7,1722504632901,2024-08-01T12:30:32.901,9.49000000000,0.84952630000,0.03067289500,-0.52588254000,0.02849067400
etaWear,FEAC84C53DE7,1722504632911,2024-08-01T12:30:32.911,9.50000000000,0.85217900000,0.03098942200,-0.52159450000,0.02774457800
etaWear,FEAC84C53DE7,1722504632921,2024-08-01T12:30:32.921,9.51000000000,0.85488110000,0.03132537800,-0.51717480000,0.02696976300
etaWear,FEAC84C53DE7,1722504632931,2024-08-01T12:30:32.931,9.52000000000,0.85756570000,0.03180033300,-0.51271800000,0.02626752100
etaWear,FEAC84C53DE7,1722504632941,2024-08-01T12:30:32.941,9.53000000000,0.86023444000,0.03243979800,-0.50821906000,0.02564630000
etaWear,FEAC84C53DE7,1722504632951,2024-08-01T12:30:32.951,9.54000000000,0.86287660000,0.03320951800,-0.50369734000,0.02510210100
etaWear,FEAC84C53DE7,1722504632961,2024-08-01T12:30:32.961,9.55000000000,0.86541010000,0.03408784400,-0.49929560000,0.02464255500
etaWear,FEAC84C53DE7,1722504632971,2024-08-01T12:30:32.971,9.56000000000,0.86790090000,0.03508970000,-0.49490368000,0.02422981300
etaWear,FEAC84C53DE7,1722504632981,2024-08-01T12:30:32.981,9.57000000000,0.87029270000,0.03615689700,-0.49062553000,0.02387122300
etaWear,FEAC84C53DE7,1722504632991,2024-08-01T12:30:32.991,9.58000000000,0.87261564000,0.03723403000,-0.48641770000,0.02352552100
etaWear,FEAC84C53DE7,1722504633001,2024-08-01T12:30:33.001,9.59000000000,0.87488574000,0.03828229400,-0.48225853000,0.02315419200
etaWear,FEAC84C53DE7,1722504633011,2024-08-01T12:30:33.011,9.60000000000,0.87707317000,0.03935261000,-0.47819862000,0.02280653600
etaWear,FEAC84C53DE7,1722504633021,2024-08-01T12:30:33.021,9.61000000000,0.87918550000,0.04042428700,-0.47423002000,0.02246557500
etaWear,FEAC84C53DE7,1722504633031,2024-08-01T12:30:33.031,9.62000000000,0.88122960000,0.04137778700,-0.47035530000,0.02209383400
etaWear,FEAC84C53DE7,1722504633041,2024-08-01T12:30:33.041,9.63000000000,0.88328445000,0.04222574000,-0.46642920000,0.02166534000
etaWear,FEAC84C53DE7,1722504633051,2024-08-01T12:30:33.051,9.64000000000,0.88529360000,0.04292294000,-0.46256298000,0.02117113800
etaWear,FEAC84C53DE7,1722504633061,2024-08-01T12:30:33.061,9.65000000000,0.88726515000,0.04348763000,-0.45874244000,0.02061052800
etaWear,FEAC84C53DE7,1722504633071,2024-08-01T12:30:33.071,9.66000000000,0.88922477000,0.04394165800,-0.45491580000,0.01999865500
etaWear,FEAC84C53DE7,1722504633081,2024-08-01T12:30:33.081,9.67000000000,0.89119650000,0.04429320600,-0.45103570000,0.01933135300
etaWear,FEAC84C53DE7,1722504633091,2024-08-01T12:30:33.091,9.68000000000,0.89312166000,0.04471038700,-0.44720232000,0.01856259000
etaWear,FEAC84C53DE7,1722504633101,2024-08-01T12:30:33.101,9.69000000000,0.89507680000,0.04502996400,-0.44327837000,0.01772283000
etaWear,FEAC84C53DE7,1722504633111,2024-08-01T12:30:33.111,9.70000000000,0.89704037000,0.04526872000,-0.43930078000,0.01685701900
etaWear,FEAC84C53DE7,1722504633121,2024-08-01T12:30:33.121,9.71000000000,0.89899640000,0.04537132000,-0.43530410000,0.01603671500
etaWear,FEAC84C53DE7,1722504633231,2024-08-01T12:30:33.231,9.82000000000,0.91816586000,0.04454864600,-0.39363194000,0.00638523200
etaWear,FEAC84C53DE7,1722504633241,2024-08-01T12:30:33.241,9.83000000000,0.91972506000,0.04451991200,-0.38999066000,0.00558013100
etaWear,FEAC84C53DE7,1722504633251,2024-08-01T12:30:33.251,9.84000000000,0.92126890000,0.04452919600,-0.38633895000,0.00480163300
etaWear,FEAC84C53DE7,1722504633261,2024-08-01T12:30:33.261,9.85000000000,0.92279464000,0.04453597200,-0.38268828000,0.00402824070
etaWear,FEAC84C53DE7,1722504633271,2024-08-01T12:30:33.271,9.86000000000,0.92428184000,0.04455004000,-0.37908804000,0.00326624840
etaWear,FEAC84C53DE7,1722504633281,2024-08-01T12:30:33.281,9.87000000000,0.92576870000,0.04460310000,-0.37544185000,0.00252443780
etaWear,FEAC84C53DE7,1722504633291,2024-08-01T12:30:33.291,9.88000000000,0.92723660000,0.04468128000,-0.37179650000,0.00180643510
etaWear,FEAC84C53DE7,1722504633301,2024-08-01T12:30:33.301,9.89000000000,0.92865100000,0.04473813600,-0.36824545000,0.00110665690
etaWear,FEAC84C53DE7,1722504633311,2024-08-01T12:30:33.311,9.90000000000,0.93007810000,0.04475857000,-0.36462492000,0.00040498836
etaWear,FEAC84C53DE7,1722504633321,2024-08-01T12:30:33.321,9.91000000000,0.93146150000,0.04478277000,-0.36107310000,-0.00026963884
etaWear,FEAC84C53DE7,1722504633331,2024-08-01T12:30:33.331,9.92000000000,0.93276995000,0.04480537800,-0.35767560000,-0.00091136300
etaWear,FEAC84C53DE7,1722504633341,2024-08-01T12:30:33.341,9.93000000000,0.93408350000,0.04483270000,-0.35422546000,-0.00153103770
etaWear,FEAC84C53DE7,1722504633351,2024-08-01T12:30:33.351,9.94000000000,0.93538857000,0.04488435000,-0.35075513000,-0.00212799300
etaWear,FEAC84C53DE7,1722504633361,2024-08-01T12:30:33.361,9.95000000000,0.93668324000,0.04493580800,-0.34727207000,-0.00272843570
etaWear,FEAC84C53DE7,1722504633371,2024-08-01T12:30:33.371,9.96000000000,0.93795705000,0.04496089400,-0.34380830000,-0.00331792200
etaWear,FEAC84C53DE7,1722504633381,2024-08-01T12:30:33.381,9.97000000000,0.93919530000,0.04498329400,-0.34040213000,-0.00390484700
etaWear,FEAC84C53DE7,1722504633391,2024-08-01T12:30:33.391,9.98000000000,0.94039180000,0.04502988600,-0.33706918000,-0.00445625100
etaWear,FEAC84C53DE7,1722504633401,2024-08-01T12:30:33.401,9.99000000000,0.94161963000,0.04504899300,-0.33361357000,-0.00501424450
etaWear,FEAC84C53DE7,1722504633411,2024-08-01T12:30:33.411,10.00000000000,0.94283736000,0.04502043000,-0.33015140000,-0.00556576900
etaWear,FEAC84C53DE7,1722504633421,2024-08-01T12:30:33.421,10.01000000000,0.94402343000,0.04495247000,-0.32674405000,-0.00610936900
etaWear,FEAC84C53DE7,1722504633431,2024-08-01T12:30:33.431,10.02000000000,0.94516903000,0.04478001600,-0.32342900000,-0.00663194530
etaWear,FEAC84C53DE7,1722504633681,2024-08-01T12:30:33.681,10.27000000000,0.96519595000,0.03682845000,-0.25845197000,-0.01558400300
etaWear,FEAC84C53DE7,1722504633691,2024-08-01T12:30:33.691,10.28000000000,0.96580637000,0.03691998000,-0.25614476000,-0.01565102300
etaWear,FEAC84C53DE7,1722504633701,2024-08-01T12:30:33.701,10.29000000000,0.96641755000,0.03702370000,-0.25380954000,-0.01571822000
etaWear,FEAC84C53DE7,1722504633711,2024-08-01T12:30:33.711,10.30000000000,0.96702870000,0.03714498500,-0.25144848000,-0.01579383800
etaWear,FEAC84C53DE7,1722504633721,2024-08-01T12:30:33.721,10.31000000000,0.96764135000,0.03728340000,-0.24905486000,-0.01587275000
etaWear,FEAC84C53DE7,1722504633731,2024-08-01T12:30:33.731,10.32000000000,0.96825886000,0.03739712400,-0.24661940000,-0.01596931600
etaWear,FEAC84C53DE7,1722504633741,2024-08-01T12:30:33.741,10.33000000000,0.96886396000,0.03754151000,-0.24420170000,-0.01608350900
etaWear,FEAC84C53DE7,1722504633751,2024-08-01T12:30:33.751,10.34000000000,0.96945400000,0.03751181000,-0.24184741000,-0.01617254900
etaWear,FEAC84C53DE7,1722504633761,2024-08-01T12:30:33.761,10.35000000000,0.97002530000,0.03742601300,-0.23955183000,-0.01628297200
etaWear,FEAC84C53DE7,1722504633771,2024-08-01T12:30:33.771,10.36000000000,0.97057575000,0.03732064700,-0.23732045000,-0.01639687300
etaWear,FEAC84C53DE7,1722504633781,2024-08-01T12:30:33.781,10.37000000000,0.97107800000,0.03718757600,-0.23527057000,-0.01650278800
etaWear,FEAC84C53DE7,1722504633791,2024-08-01T12:30:33.791,10.38000000000,0.97155815000,0.03689243000,-0.23331697000,-0.01663773100
etaWear,FEAC84C53DE7,1722504633801,2024-08-01T12:30:33.801,10.39000000000,0.97198784000,0.03646299000,-0.23157808000,-0.01678321900
etaWear,FEAC84C53DE7,1722504633811,2024-08-01T12:30:33.811,10.40000000000,0.97238370000,0.03602419800,-0.22997086000,-0.01689928600
etaWear,FEAC84C53DE7,1722504633821,2024-08-01T12:30:33.821,10.41000000000,0.97274345000,0.03561957000,-0.22850442000,-0.01694690400
etaWear,FEAC84C53DE7,1722504633831,2024-08-01T12:30:33.831,10.42000000000,0.97306514000,0.03523787500,-0.22718638000,-0.01699391000
etaWear,FEAC84C53DE7,1722504633841,2024-08-01T12:30:33.841,10.43000000000,0.97333980000,0.03491949000,-0.22605352000,-0.01703201800
etaWear,FEAC84C53DE7,1722504633851,2024-08-01T12:30:33.851,10.44000000000,0.97356856000,0.03466707500,-0.22510907000,-0.01697964200
etaWear,FEAC84C53DE7,1722504633861,2024-08-01T12:30:33.861,10.45000000000,0.97399490000,0.03456095600,-0.22327547000,-0.01695502500
etaWear,FEAC84C53DE7,1722504633871,2024-08-01T12:30:33.871,10.46000000000,0.97437070000,0.03444773700,-0.22165316000,-0.01688189400
etaWear,FEAC84C53DE7,1722504633881,2024-08-01T12:30:33.881,10.47000000000,0.97468780000,0.03433124300,-0.22028191000,-0.01675873600
etaWear,FEAC84C53DE7,1722504633891,2024-08-01T12:30:33.891,10.48000000000,0.97495073000,0.03421095400,-0.21914707000,-0.01658997000
etaWear,FEAC84C53DE7,1722504634071,2024-08-01T12:30:34.071,10.66000000000,0.97537035000,0.03259140000,-0.21765627000,-0.01470647600
etaWear,FEAC84C53DE7,1722504634081,2024-08-01T12:30:34.081,10.67000000000,0.97529435000,0.03260180000,-0.21800219000,-0.01459885900
etaWear,FEAC84C53DE7,1722504634091,2024-08-01T12:30:34.091,10.68000000000,0.97520524000,0.03265338400,-0.21840104000,-0.01447114200
etaWear,FEAC84C53DE7,1722504634101,2024-08-01T12:30:34.101,10.69000000000,0.97510505000,0.03275127700,-0.21884330000,-0.01432173200
etaWear,FEAC84C53DE7,1722504634111,2024-08-01T12:30:34.111,10.70000000000,0.97499470000,0.03286684300,-0.21932825000,-0.01415217500
etaWear,FEAC84C53DE7,1722504634121,2024-08-01T12:30:34.121,10.71000000000,0.97487240000,0.03299885200,-0.21986243000,-0.01397613250
etaWear,FEAC84C53DE7,1722504634131,2024-08-01T12:30:34.131,10.72000000000,0.97474110000,0.03315064300,-0.22043322000,-0.01378202900
etaWear,FEAC84C53DE7,1722504634141,2024-08-01T12:30:34.141,10.73000000000,0.97460455000,0.03332531000,-0.22102262000,-0.01358175300
etaWear,FEAC84C53DE7,1722504634151,2024-08-01T12:30:34.151,10.74000000000,0.97446280000,0.03351519000,-0.22163023000,-0.01337819800
etaWear,FEAC84C53DE7,1722504634161,2024-08-01T12:30:34.161,10.75000000000,0.97431630000,0.03368114300,-0.22226062000,-0.01317597100
etaWear,FEAC84C53DE7,1722504634171,2024-08-01T12:30:34.171,10.76000000000,0.97417570000,0.03381383400,-0.22286671000,-0.01298956900
etaWear,FEAC84C53DE7,1722504634181,2024-08-01T12:30:34.181,10.77000000000,0.97402030000,0.03394815000,-0.22353585000,-0.01279721800
etaWear,FEAC84C53DE7,1722504634191,2024-08-01T12:30:34.191,10.78000000000,0.97384760000,0.03409432600,-0.22427551000,-0.01259809100
etaWear,FEAC84C53DE7,1722504634201,2024-08-01T12:30:34.201,10.79000000000,0.97366390000,0.03424675800,-0.22506005000,-0.01239657400
etaWear,FEAC84C53DE7,1722504634211,2024-08-01T12:30:34.211,10.80000000000,0.97347330000,0.03438197000,-0.22587425000,-0.01218426000
etaWear,FEAC84C53DE7,1722504634221,2024-08-01T12:30:34.221,10.81000000000,0.97327787000,0.03453942400,-0.22670302000,-0.01195213100
etaWear,FEAC84C53DE7,1722504634231,2024-08-01T12:30:34.231,10.82000000000,0.97306865000,0.03473437600,-0.22758308000,-0.01169508300
etaWear,FEAC84C53DE7,1722504634241,2024-08-01T12:30:34.241,10.83000000000,0.97284400000,0.03488261600,-0.22853126000,-0.01145320500
etaWear,FEAC84C53DE7,1722504634251,2024-08-01T12:30:34.251,10.84000000000,0.97261100000,0.03498646000,-0.22951685000,-0.01121280400
etaWear,FEAC84C53DE7,1722504634261,2024-08-01T12:30:34.261,10.85000000000,0.97238730000,0.03509849000,-0.23045726000,-0.01097430400
etaWear,FEAC84C53DE7,1722504634271,2024-08-01T12:30:34.271,10.86000000000,0.97214460000,0.03519506400,-0.23147582000,-0.01072961700
etaWear,FEAC84C53DE7,1722504634281,2024-08-01T12:30:34.281,10.87000000000,0.97188383000,0.03527638300,-0.23256737000,-0.01048011500
etaWear,FEAC84C53DE7,1722504634291,2024-08-01T12:30:34.291,10.88000000000,0.97160640000,0.03536955600,-0.23372103000,-0.01021930000
etaWear,FEAC84C53DE7,1722504634301,2024-08-01T12:30:34.301,10.89000000000,0.97131450000,0.03545929000,-0.23492914000,-0.00995517800
MetaWear,FEAC84C53DE7,1722504634771,2024-08-01T12:30:34.771,11.36000000000,0.92214300000,0.03260547300,-0.38503754000,0.01831061600
etaWear,FEAC84C53DE7,1722504634781,2024-08-01T12:30:34.781,11.37000000000,0.92017394000,0.03269215700,-0.38966850000,0.01922278000
etaWear,FEAC84C53DE7,1722504634791,2024-08-01T12:30:34.791,11.38000000000,0.91814720000,0.03272921000,-0.39437264000,0.02011584000
etaWear,FEAC84C53DE7,1722504634801,2024-08-01T12:30:34.801,11.39000000000,0.91606593000,0.03276752700,-0.39913386000,0.02101767600
etaWear,FEAC84C53DE7,1722504634811,2024-08-01T12:30:34.811,11.40000000000,0.91400070000,0.03284250200,-0.40378597000,0.02193060500
etaWear,FEAC84C53DE7,1722504634821,2024-08-01T12:30:34.821,11.41000000000,0.91188570000,0.03292736400,-0.40848118000,0.02287737000
etaWear,FEAC84C53DE7,1722504634831,2024-08-01T12:30:34.831,11.42000000000,0.90974975000,0.03299769000,-0.41315645000,0.02384090200
etaWear,FEAC84C53DE7,1722504634841,2024-08-01T12:30:34.841,11.43000000000,0.90759440000,0.03301723700,-0.41781244000,0.02479892200
etaWear,FEAC84C53DE7,1722504634851,2024-08-01T12:30:34.851,11.44000000000,0.90542465000,0.03294215400,-0.42244524000,0.02570802900
etaWear,FEAC84C53DE7,1722504634861,2024-08-01T12:30:34.861,11.45000000000,0.90323920000,0.03276551500,-0.42705980000,0.02655834700
etaWear,FEAC84C53DE7,1722504634871,2024-08-01T12:30:34.871,11.46000000000,0.90107006000,0.03257446000,-0.43158236000,0.02735548300
etaWear,FEAC84C53DE7,1722504634881,2024-08-01T12:30:34.881,11.47000000000,0.89880490000,0.03239770000,-0.43624008000,0.02819028300
etaWear,FEAC84C53DE7,1722504634891,2024-08-01T12:30:34.891,11.48000000000,0.89642790000,0.03220713000,-0.44106174000,0.02905581300
etaWear,FEAC84C53DE7,1722504634901,2024-08-01T12:30:34.901,11.49000000000,0.89381470000,0.03195417000,-0.44629276000,0.02995047500
etaWear,FEAC84C53DE7,1722504634911,2024-08-01T12:30:34.911,11.50000000000,0.89089030000,0.03159394000,-0.45206708000,0.03085006200
etaWear,FEAC84C53DE7,1722504634921,2024-08-01T12:30:34.921,11.51000000000,0.88772840000,0.03122178300,-0.45820683000,0.03178148700
etaWear,FEAC84C53DE7,1722504634931,2024-08-01T12:30:34.931,11.52000000000,0.88454765000,0.03083364500,-0.46427673000,0.03273774000
etaWear,FEAC84C53DE7,1722504635211,2024-08-01T12:30:35.211,11.80000000000,0.81625340000,0.02635195700,-0.57489190000,0.05035060600
etaWear,FEAC84C53DE7,1722504635221,2024-08-01T12:30:35.221,11.81000000000,0.81335210000,0.02562951000,-0.57898790000,0.05073943700
etaWear,FEAC84C53DE7,1722504635231,2024-08-01T12:30:35.231,11.82000000000,0.81044800000,0.02490224500,-0.58304240000,0.05114238300
etaWear,FEAC84C53DE7,1722504635241,2024-08-01T12:30:35.241,11.83000000000,0.80768170000,0.02420039300,-0.58686304000,0.05154052000
etaWear,FEAC84C53DE7,1722504635251,2024-08-01T12:30:35.251,11.84000000000,0.80513590000,0.02355944200,-0.59033910000,0.05196820600
etaWear,FEAC84C53DE7,1722504635261,2024-08-01T12:30:35.261,11.85000000000,0.80285180000,0.02295051700,-0.59342940000,0.05238218200
etaWear,FEAC84C53DE7,1722504635271,2024-08-01T12:30:35.271,11.86000000000,0.80084510000,0.02231314600,-0.59612860000,0.05272610000
etaWear,FEAC84C53DE7,1722504635281,2024-08-01T12:30:35.281,11.87000000000,0.79902530000,0.02163874500,-0.59856590000,0.05300254400
etaWear,FEAC84C53DE7,1722504635291,2024-08-01T12:30:35.291,11.88000000000,0.79742690000,0.02106493700,-0.60068840000,0.05329191700
etaWear,FEAC84C53DE7,1722504635301,2024-08-01T12:30:35.301,11.89000000000,0.79602830000,0.02065340800,-0.60252327000,0.05364527600
etaWear,FEAC84C53DE7,1722504635311,2024-08-01T12:30:35.311,11.90000000000,0.79478360000,0.02040602800,-0.60413480000,0.05407292000
etaWear,FEAC84C53DE7,1722504635321,2024-08-01T12:30:35.321,11.91000000000,0.79366080000,0.02026709200,-0.60557145000,0.05454305000
etaWear,FEAC84C53DE7,1722504635331,2024-08-01T12:30:35.331,11.92000000000,0.79257387000,0.02014579300,-0.60695700000,0.05499035500
etaWear,FEAC84C53DE7,1722504635341,2024-08-01T12:30:35.341,11.93000000000,0.79150665000,0.02003058600,-0.60831610000,0.05538460600
etaWear,FEAC84C53DE7,1722504635351,2024-08-01T12:30:35.351,11.94000000000,0.79047750000,0.01996146900,-0.60962105000,0.05575846500
etaWear,FEAC84C53DE7,1722504635361,2024-08-01T12:30:35.361,11.95000000000,0.78954333000,0.02000296300,-0.61079220000,0.05616111000
etaWear,FEAC84C53DE7,1722504635371,2024-08-01T12:30:35.371,11.96000000000,0.78839200000,0.02002906200,-0.61223200000,0.05664583300
etaWear,FEAC84C53DE7,1722504635381,2024-08-01T12:30:35.381,11.97000000000,0.78777003000,0.02016274000,-0.61299370000,0.05701324000
etaWear,FEAC84C53DE7,1722504635391,2024-08-01T12:30:35.391,11.98000000000,0.78728140000,0.02026033000,-0.61359350000,0.05727511600
etaWear,FEAC84C53DE7,1722504635401,2024-08-01T12:30:35.401,11.99000000000,0.78693753000,0.02036173600,-0.61401230000,0.05747584300
etaWear,FEAC84C53DE7,1722504635411,2024-08-01T12:30:35.411,12.00000000000,0.78636500000,0.02050573800,-0.61471910000,0.05770630400
etaWear,FEAC84C53DE7,1722504635421,2024-08-01T12:30:35.421,12.01000000000,0.78586260000,0.02071791500,-0.61534170000,0.05783952000
etaWear,FEAC84C53DE7,1722504635431,2024-08-01T12:30:35.431,12.02000000000,0.78544750000,0.02090903600,-0.61585540000,0.05794040500
etaWear,FEAC84C53DE7,1722504635441,2024-08-01T12:30:35.441,12.03000000000,0.78515005000,0.02109612000,-0.61621970000,0.05803029200
etaWear,FEAC84C53DE7,1722504635451,2024-08-01T12:30:35.451,12.04000000000,0.78497016000,0.02126744800,-0.61643630000,0.05810152400
etaWear,FEAC84C53DE7,1722504635461,2024-08-01T12:30:35.461,12.05000000000,0.78487630000,0.02139229500,-0.61654870000,0.05813094000
etaWear,FEAC84C53DE7,1722504635471,2024-08-01T12:30:35.471,12.06000000000,0.78486950000,0.02146009500,-0.61655410000,0.05814036000
etaWear,FEAC84C53DE7,1722504635481,2024-08-01T12:30:35.481,12.07000000000,0.78508850000,0.02150125400,-0.61626860000,0.05819672000
etaWear,FEAC84C53DE7,1722504635491,2024-08-01T12:30:35.491,12.08000000000,0.78531580000,0.02154855600,-0.61597145000,0.05825884300
etaWear,FEAC84C53DE7,1722504635501,2024-08-01T12:30:35.501,12.09000000000,0.78556680000,0.02158663600,-0.61564434000,0.05831631000
etaWear,FEAC84C53DE7,1722504635511,2024-08-01T12:30:35.511,12.10000000000,0.78584325000,0.02163880100,-0.61528283000,0.05838764500
etaWear,FEAC84C53DE7,1722504635521,2024-08-01T12:30:35.521,12.11000000000,0.78613174000,0.02174310600,-0.61490613000,0.05843413600
etaWear,FEAC84C53DE7,1722504635531,2024-08-01T12:30:35.531,12.12000000000,0.78633080000,0.02182528200,-0.61464320000,0.05849124500
etaWear,FEAC84C53DE7,1722504635541,2024-08-01T12:30:35.541,12.13000000000,0.78652996000,0.02190478100,-0.61438125000,0.05853705000
etaWear,FEAC84C53DE7,1722504635551,2024-08-01T12:30:35.551,12.14000000000,0.78672700000,0.02199516400,-0.61412200000,0.05857432000
etaWear,FEAC84C53DE7,1722504635561,2024-08-01T12:30:35.561,12.15000000000,0.78692190000,0.02205716600,-0.61386950000,0.05858132200
etaWear,FEAC84C53DE7,1722504635571,2024-08-01T12:30:35.571,12.16000000000,0.78715220000,0.02207190500,-0.61357620000,0.05855438500
etaWear,FEAC84C53DE7,1722504635581,2024-08-01T12:30:35.581,12.17000000000,0.78742653000,0.02207800700,-0.61322580000,0.05853295000
etaWear,FEAC84C53DE7,1722504635591,2024-08-01T12:30:35.591,12.18000000000,0.78772800000,0.02211891900,-0.61284350000,0.05846546200
etaWear,FEAC84C53DE7,1722504635601,2024-08-01T12:30:35.601,12.19000000000,0.78803820000,0.02217040400,-0.61245066000,0.05838259300
etaWear,FEAC84C53DE7,1722504635611,2024-08-01T12:30:35.611,12.20000000000,0.78837067000,0.02217244200,-0.61203600000,0.05824021000
etaWear,FEAC84C53DE7,1722504635621,2024-08-01T12:30:35.621,12.21000000000,0.78876670000,0.02219217300,-0.61153840000,0.05809796600
etaWear,FEAC84C53DE7,1722504635631,2024-08-01T12:30:35.631,12.22000000000,0.78921413000,0.02226010000,-0.61097000000,0.05797498300
etaWear,FEAC84C53DE7,1722504635641,2024-08-01T12:30:35.641,12.23000000000,0.78970980000,0.02228888100,-0.61034423000,0.05780488300
etaWear,FEAC84C53DE7,1722504635651,2024-08-01T12:30:35.651,12.24000000000,0.79021883000,0.02229830800,-0.60970380000,0.05760475600
etaWear,FEAC84C53DE7,1722504635661,2024-08-01T12:30:35.661,12.25000000000,0.79077670000,0.02229097500,-0.60899985000,0.05739779400
etaWear,FEAC84C53DE7,1722504635671,2024-08-01T12:30:35.671,12.26000000000,0.79139453000,0.02224490400,-0.60821990000,0.05717032000
etaWear,FEAC84C53DE7,1722504635681,2024-08-01T12:30:35.681,12.27000000000,0.79208260000,0.02216015600,-0.60735090000,0.05691201000
etaWear,FEAC84C53DE7,1722504635691,2024-08-01T12:30:35.691,12.28000000000,0.79282900000,0.02205135100,-0.60640640000,0.05663313700
etaWear,FEAC84C53DE7,1722504635701,2024-08-01T12:30:35.701,12.29000000000,0.79365940000,0.02194077100,-0.60535020000,0.05634330600
etaWear,FEAC84C53DE7,1722504635711,2024-08-01T12:30:35.711,12.30000000000,0.79458280000,0.02184703400,-0.60416760000,0.05605755400
etaWear,FEAC84C53DE7,1722504635721,2024-08-01T12:30:35.721,12.31000000000,0.79550900000,0.02179720800,-0.60297230000,0.05581076400
etaWear,FEAC84C53DE7,1722504635731,2024-08-01T12:30:35.731,12.32000000000,0.79649085000,0.02174918400,-0.60170054000,0.05555012000
etaWear,FEAC84C53DE7,1722504635741,2024-08-01T12:30:35.741,12.33000000000,0.79749170000,0.02166755100,-0.60040450000,0.05524360000
etaWear,FEAC84C53DE7,1722504635751,2024-08-01T12:30:35.751,12.34000000000,0.79853810000,0.02158703300,-0.59904360000,0.05493335000
etaWear,FEAC84C53DE7,1722504635761,2024-08-01T12:30:35.761,12.35000000000,0.79964820000,0.02154734400,-0.59759130000,0.05461765000
etaWear,FEAC84C53DE7,1722504635771,2024-08-01T12:30:35.771,12.36000000000,0.80081560000,0.02156087800,-0.59605485000,0.05429695500
etaWear,FEAC84C53DE7,1722504635781,2024-08-01T12:30:35.781,12.37000000000,0.80204700000,0.02166441600,-0.59441810000,0.05402118000
etaWear,FEAC84C53DE7,1722504635791,2024-08-01T12:30:35.791,12.38000000000,0.80339840000,0.02185253600,-0.59260660000,0.05376621300
etaWear,FEAC84C53DE7,1722504635801,2024-08-01T12:30:35.801,12.39000000000,0.80482620000,0.02208972000,-0.59068090000,0.05350600000
etaWear,FEAC84C53DE7,1722504635811,2024-08-01T12:30:35.811,12.40000000000,0.80632204000,0.02233259600,-0.58865210000,0.05324119700
etaWear,FEAC84C53DE7,1722504635821,2024-08-01T12:30:35.821,12.41000000000,0.80785990000,0.02253051000,-0.58655864000,0.05294963000
etaWear,FEAC84C53DE7,1722504635831,2024-08-01T12:30:35.831,12.42000000000,0.80944735000,0.02267517900,-0.58439100000,0.05261138000
etaWear,FEAC84C53DE7,1722504635841,2024-08-01T12:30:35.841,12.43000000000,0.81108220000,0.02281647700,-0.58214515000,0.05227018500
etaWear,FEAC84C53DE7,1722504635851,2024-08-01T12:30:35.851,12.44000000000,0.81281763000,0.02296044500,-0.57974577000,0.05191452400
etaWear,FEAC84C53DE7,1722504635861,2024-08-01T12:30:35.861,12.45000000000,0.81458250000,0.02316280600,-0.57728450000,0.05158745500
etaWear,FEAC84C53DE7,1722504635871,2024-08-01T12:30:35.871,12.46000000000,0.81647190000,0.02330893800,-0.57463630000,0.05122041700
etaWear,FEAC84C53DE7,1722504635881,2024-08-01T12:30:35.881,12.47000000000,0.81844540000,0.02347696400,-0.57185130000,0.05081350000
etaWear,FEAC84C53DE7,1722504635891,2024-08-01T12:30:35.891,12.48000000000,0.82054937000,0.02365947500,-0.56885990000,0.05037285400
etaWear,FEAC84C53DE7,1722504635901,2024-08-01T12:30:35.901,12.49000000000,0.82253605000,0.02389137400,-0.56601775000,0.04987515000
etaWear,FEAC84C53DE7,1722504635911,2024-08-01T12:30:35.911,12.50000000000,0.82463870000,0.02414902300,-0.56298685000,0.04933097600
etaWear,FEAC84C53DE7,1722504635921,2024-08-01T12:30:35.921,12.51000000000,0.82682040000,0.02442870700,-0.55981680000,0.04874915300
etaWear,FEAC84C53DE7,1722504635931,2024-08-01T12:30:35.931,12.52000000000,0.82908340000,0.02472179400,-0.55650000000,0.04813820500
etaWear,FEAC84C53DE7,1722504635941,2024-08-01T12:30:35.941,12.53000000000,0.83139545000,0.02496160800,-0.55308884000,0.04744672000
etaWear,FEAC84C53DE7,1722504635951,2024-08-01T12:30:35.951,12.54000000000,0.83396320000,0.02514437600,-0.54926324000,0.04672178000
etaWear,FEAC84C53DE7,1722504635961,2024-08-01T12:30:35.961,12.55000000000,0.83655780000,0.02534249400,-0.54535720000,0.04598177000
etaWear,FEAC84C53DE7,1722504635971,2024-08-01T12:30:35.971,12.56000000000,0.83924836000,0.02558028300,-0.54126110000,0.04521328600
etaWear,FEAC84C53DE7,1722504635981,2024-08-01T12:30:35.981,12.57000000000,0.84196390000,0.02582311300,-0.53708480000,0.04438285000
etaWear,FEAC84C53DE7,1722504635991,2024-08-01T12:30:35.991,12.58000000000,0.84472495000,0.02609099000,-0.53279110000,0.04350563500
etaWear,FEAC84C53DE7,1722504636001,2024-08-01T12:30:36.001,12.59000000000,0.84754175000,0.02647223500,-0.52834740000,0.04267626600
etaWear,FEAC84C53DE7,1722504636011,2024-08-01T12:30:36.011,12.60000000000,0.85034100000,0.02685741900,-0.52387830000,0.04183765000
etaWear,FEAC84C53DE7,1722504636021,2024-08-01T12:30:36.021,12.61000000000,0.85322940000,0.02726075800,-0.51920974000,0.04095820700
etaWear,FEAC84C53DE7,1722504636031,2024-08-01T12:30:36.031,12.62000000000,0.85614370000,0.02767007200,-0.51443890000,0.04006223800
etaWear,FEAC84C53DE7,1722504636041,2024-08-01T12:30:36.041,12.63000000000,0.85907140000,0.02808614800,-0.50958306000,0.03914911300
etaWear,FEAC84C53DE7,1722504636051,2024-08-01T12:30:36.051,12.64000000000,0.86199427000,0.02849674800,-0.50466960000,0.03824053300
etaWear,FEAC84C53DE7,1722504636391,2024-08-01T12:30:36.391,12.98000000000,0.92897580000,0.03692361000,-0.36803925000,0.01370109150
etaWear,FEAC84C53DE7,1722504636401,2024-08-01T12:30:36.401,12.99000000000,0.93064404000,0.03734845000,-0.36377835000,0.01312088000
etaWear,FEAC84C53DE7,1722504636411,2024-08-01T12:30:36.411,13.00000000000,0.93237700000,0.03776570000,-0.35928845000,0.01259487100
etaWear,FEAC84C53DE7,1722504636421,2024-08-01T12:30:36.421,13.01000000000,0.93414766000,0.03813156000,-0.35463830000,0.01207874400
etaWear,FEAC84C53DE7,1722504636431,2024-08-01T12:30:36.431,13.02000000000,0.93593305000,0.03843106700,-0.34988296000,0.01158699000
etaWear,FEAC84C53DE7,1722504636441,2024-08-01T12:30:36.441,13.03000000000,0.93774253000,0.03862093000,-0.34499820000,0.01111609800
etaWear,FEAC84C53DE7,1722504636451,2024-08-01T12:30:36.451,13.04000000000,0.93956536000,0.03879571300,-0.33999664000,0.01068391800
etaWear,FEAC84C53DE7,1722504636461,2024-08-01T12:30:36.461,13.05000000000,0.94140250000,0.03889488400,-0.33487810000,0.01025738100
etaWear,FEAC84C53DE7,1722504636471,2024-08-01T12:30:36.471,13.06000000000,0.94321805000,0.03896002500,-0.32973397000,0.00986532300
etaWear,FEAC84C53DE7,1722504636481,2024-08-01T12:30:36.481,13.07000000000,0.94507580000,0.03902701000,-0.32437396000,0.00949339850
etaWear,FEAC84C53DE7,1722504636491,2024-08-01T12:30:36.491,13.08000000000,0.94692390000,0.03909504400,-0.31893995000,0.00916377900
etaWear,FEAC84C53DE7,1722504636501,2024-08-01T12:30:36.501,13.09000000000,0.94874750000,0.03914491000,-0.31347640000,0.00885125900
etaWear,FEAC84C53DE7,1722504636511,2024-08-01T12:30:36.511,13.10000000000,0.95054290000,0.03913193200,-0.30799930000,0.00855710500
etaWear,FEAC84C53DE7,1722504636521,2024-08-01T12:30:36.521,13.11000000000,0.95229870000,0.03906317000,-0.30254367000,0.00827686100
etaWear,FEAC84C53DE7,1722504636531,2024-08-01T12:30:36.531,13.12000000000,0.95397640000,0.03890819500,-0.29723963000,0.00798239300
etaWear,FEAC84C53DE7,1722504636541,2024-08-01T12:30:36.541,13.13000000000,0.95563114000,0.03861965200,-0.29192328000,0.00765417660
etaWear,FEAC84C53DE7,1722504636551,2024-08-01T12:30:36.551,13.14000000000,0.95722795000,0.03818731400,-0.28671070000,0.00730491500
etaWear,FEAC84C53DE7,1722504636731,2024-08-01T12:30:36.731,13.32000000000,0.97478336000,0.03405147800,-0.22050202000,0.00411382880
etaWear,FEAC84C53DE7,1722504636741,2024-08-01T12:30:36.741,13.33000000000,0.97527784000,0.03398037000,-0.21831848000,0.00393396850
etaWear,FEAC84C53DE7,1722504636751,2024-08-01T12:30:36.751,13.34000000000,0.97571040000,0.03381660200,-0.21640587000,0.00375162700
etaWear,FEAC84C53DE7,1722504636761,2024-08-01T12:30:36.761,13.35000000000,0.97607994000,0.03359869500,-0.21477011000,0.00358353460
etaWear,FEAC84C53DE7,1722504636771,2024-08-01T12:30:36.771,13.36000000000,0.97640640000,0.03339449000,-0.21331516000,0.00344898760
etaWear,FEAC84C53DE7,1722504636781,2024-08-01T12:30:36.781,13.37000000000,0.97669610000,0.03322299200,-0.21201377000,0.00333825570
etaWear,FEAC84C53DE7,1722504636791,2024-08-01T12:30:36.791,13.38000000000,0.97696410000,0.03307086200,-0.21080019000,0.00327128800
etaWear,FEAC84C53DE7,1722504636801,2024-08-01T12:30:36.801,13.39000000000,0.97720280000,0.03287766500,-0.20972285000,0.00319029130
etaWear,FEAC84C53DE7,1722504636811,2024-08-01T12:30:36.811,13.40000000000,0.97740567000,0.03264734500,-0.20881246000,0.00310176630
etaWear,FEAC84C53DE7,1722504636821,2024-08-01T12:30:36.821,13.41000000000,0.97757720000,0.03241603400,-0.20804510000,0.00301579430
etaWear,FEAC84C53DE7,1722504636831,2024-08-01T12:30:36.831,13.42000000000,0.97772294000,0.03215606500,-0.20740145000,0.00292775030
etaWear,FEAC84C53DE7,1722504636841,2024-08-01T12:30:36.841,13.43000000000,0.97784555000,0.03182186200,-0.20687552000,0.00283089820
etaWear,FEAC84C53DE7,1722504636851,2024-08-01T12:30:36.851,13.44000000000,0.97793394000,0.03148572000,-0.20650998000,0.00274344320
etaWear,FEAC84C53DE7,1722504636861,2024-08-01T12:30:36.861,13.45000000000,0.97799040000,0.03117961600,-0.20628993000,0.00266624360
etaWear,FEAC84C53DE7,1722504636871,2024-08-01T12:30:36.871,13.46000000000,0.97802335000,0.03088868800,-0.20617844000,0.00259599740
etaWear,FEAC84C53DE7,1722504636881,2024-08-01T12:30:36.881,13.47000000000,0.97804964000,0.03060394300,-0.20609592000,0.00261077750
etaWear,FEAC84C53DE7,1722504636891,2024-08-01T12:30:36.891,13.48000000000,0.97806054000,0.03031954500,-0.20608573000,0.00263489390
etaWear,FEAC84C53DE7,1722504636901,2024-08-01T12:30:36.901,13.49000000000,0.97805660000,0.03006017600,-0.20614195000,0.00267551020
etaWear,FEAC84C53DE7,1722504636911,2024-08-01T12:30:36.911,13.50000000000,0.97804010000,0.02986685200,-0.20624770000,0.00274973640
etaWear,FEAC84C53DE7,1722504636921,2024-08-01T12:30:36.921,13.51000000000,0.97801470000,0.02970896300,-0.20638952000,0.00284629380
etaWear,FEAC84C53DE7,1722504636931,2024-08-01T12:30:36.931,13.52000000000,0.97798634000,0.02955675000,-0.20654443000,0.00293583300
etaWear,FEAC84C53DE7,1722504636941,2024-08-01T12:30:36.941,13.53000000000,0.97795475000,0.02941651600,-0.20671234000,0.00303014130
etaWear,FEAC84C53DE7,1722504636951,2024-08-01T12:30:36.951,13.54000000000,0.97791420000,0.02930433000,-0.20691817000,0.00314040650
etaWear,FEAC84C53DE7,1722504636961,2024-08-01T12:30:36.961,13.55000000000,0.97787017000,0.02927350600,-0.20712882000,0.00326324740
etaWear,FEAC84C53DE7,1722504636971,2024-08-01T12:30:36.971,13.56000000000,0.97782224000,0.02924549400,-0.20735727000,0.00337528930
etaWear,FEAC84C53DE7,1722504636981,2024-08-01T12:30:36.981,13.57000000000,0.97776790000,0.02927958400,-0.20760658000,0.00348806500
etaWear,FEAC84C53DE7,1722504636991,2024-08-01T12:30:36.991,13.58000000000,0.97772460000,0.02932561400,-0.20780253000,0.00358047800
etaWear,FEAC84C53DE7,1722504637001,2024-08-01T12:30:37.001,13.59000000000,0.97769200000,0.02936871700,-0.20794798000,0.00367394630
etaWear,FEAC84C53DE7,1722504637011,2024-08-01T12:30:37.011,13.60000000000,0.97766066000,0.02936662000,-0.20809450000,0.00374748930
etaWear,FEAC84C53DE7,1722504637021,2024-08-01T12:30:37.021,13.61000000000,0.97762840000,0.02929223700,-0.20825504000,0.00380684230
etaWear,FEAC84C53DE7,1722504637031,2024-08-01T12:30:37.031,13.62000000000,0.97760140000,0.02919710000,-0.20839413000,0.00386460820
etaWear,FEAC84C53DE7,1722504637041,2024-08-01T12:30:37.041,13.63000000000,0.97757770000,0.02911231000,-0.20851646000,0.00392716050
etaWear,FEAC84C53DE7,1722504637051,2024-08-01T12:30:37.051,13.64000000000,0.97755075000,0.02904465200,-0.20865063000,0.00398641300
etaWear,FEAC84C53DE7,1722504637061,2024-08-01T12:30:37.061,13.65000000000,0.97751850000,0.02902958400,-0.20880224000,0.00406390000
etaWear,FEAC84C53DE7,1722504637071,2024-08-01T12:30:37.071,13.66000000000,0.97748320000,0.02901257000,-0.20896828000,0.00415114030
etaWear,FEAC84C53DE7,1722504637081,2024-08-01T12:30:37.081,13.67000000000,0.97744346000,0.02899320800,-0.20915441000,0.00425299200
etaWear,FEAC84C53DE7,1722504637091,2024-08-01T12:30:37.091,13.68000000000,0.97739846000,0.02897414400,-0.20936514000,0.00435400800
etaWear,FEAC84C53DE7,1722504637101,2024-08-01T12:30:37.101,13.69000000000,0.97735190000,0.02895609700,-0.20958313000,0.00444951800
etaWear,FEAC84C53DE7,1722504637111,2024-08-01T12:30:37.111,13.70000000000,0.97730290000,0.02894046200,-0.20981131000,0.00453753860
etaWear,FEAC84C53DE7,1722504637121,2024-08-01T12:30:37.121,13.71000000000,0.97724676000,0.02892585100,-0.21007279000,0.00462570400
etaWear,FEAC84C53DE7,1722504637131,2024-08-01T12:30:37.131,13.72000000000,0.97718346000,0.02891151400,-0.21036714000,0.00471729740
etaWear,FEAC84C53DE7,1722504637141,2024-08-01T12:30:37.141,13.73000000000,0.97711200000,0.02889574700,-0.21069914000,0.00481282200
etaWear,FEAC84C53DE7,1722504637151,2024-08-01T12:30:37.151,13.74000000000,0.97702840000,0.02888146800,-0.21108587000,0.00490116400
etaWear,FEAC84C53DE7,1722504637161,2024-08-01T12:30:37.161,13.75000000000,0.97693783000,0.02886889100,-0.21150483000,0.00498580100
etaWear,FEAC84C53DE7,1722504637171,2024-08-01T12:30:37.171,13.76000000000,0.97683096000,0.02891521000,-0.21198894000,0.00508125450
etaWear,FEAC84C53DE7,1722504637181,2024-08-01T12:30:37.181,13.77000000000,0.97670573000,0.02899145900,-0.21255204000,0.00518841670
etaWear,FEAC84C53DE7,1722504637191,2024-08-01T12:30:37.191,13.78000000000,0.97656820000,0.02905780600,-0.21317124000,0.00530746100
etaWear,FEAC84C53DE7,1722504637201,2024-08-01T12:30:37.201,13.79000000000,0.97641927000,0.02906052600,-0.21384902000,0.00542281340
etaWear,FEAC84C53DE7,1722504637211,2024-08-01T12:30:37.211,13.80000000000,0.97624820000,0.02906715700,-0.21462500000,0.00553419160
etaWear,FEAC84C53DE7,1722504637221,2024-08-01T12:30:37.221,13.81000000000,0.97606087000,0.02907545300,-0.21547078000,0.00566424570
etaWear,FEAC84C53DE7,1722504637231,2024-08-01T12:30:37.231,13.82000000000,0.97585350000,0.02907979000,-0.21640345000,0.00581933370
etaWear,FEAC84C53DE7,1722504637241,2024-08-01T12:30:37.241,13.83000000000,0.97562710000,0.02907621300,-0.21741715000,0.00600211830
etaWear,FEAC84C53DE7,1722504637251,2024-08-01T12:30:37.251,13.84000000000,0.97537893000,0.02906785700,-0.21852292000,0.00621249670
etaWear,FEAC84C53DE7,1722504637261,2024-08-01T12:30:37.261,13.85000000000,0.97510740000,0.02899993600,-0.21973415000,0.00644009800
etaWear,FEAC84C53DE7,1722504637271,2024-08-01T12:30:37.271,13.86000000000,0.97480990000,0.02890301300,-0.22105554000,0.00668603930
etaWear,FEAC84C53DE7,1722504637281,2024-08-01T12:30:37.281,13.87000000000,0.97448680000,0.02885358000,-0.22247356000,0.00696043530
etaWear,FEAC84C53DE7,1722504637291,2024-08-01T12:30:37.291,13.88000000000,0.97411877000,0.02879088600,-0.22407846000,0.00725382200
etaWear,FEAC84C53DE7,1722504637301,2024-08-01T12:30:37.301,13.89000000000,0.97371540000,0.02877196900,-0.22581640000,0.00758184000
etaWear,FEAC84C53DE7,1722504637311,2024-08-01T12:30:37.311,13.90000000000,0.97328365000,0.02878242400,-0.22765675000,0.00792630900
etaWear,FEAC84C53DE7,1722504637321,2024-08-01T12:30:37.321,13.91000000000,0.97281533000,0.02880791000,-0.22963460000,0.00827083300
etaWear,FEAC84C53DE7,1722504637331,2024-08-01T12:30:37.331,13.92000000000,0.97230640000,0.02885491200,-0.23176101000,0.00862844200
etaWear,FEAC84C53DE7,1722504637341,2024-08-01T12:30:37.341,13.93000000000,0.97176190000,0.02894291500,-0.23400894000,0.00899826700
etaWear,FEAC84C53DE7,1722504637351,2024-08-01T12:30:37.351,13.94000000000,0.97119810000,0.02905192000,-0.23630942000,0.00937743900
etaWear,FEAC84C53DE7,1722504637361,2024-08-01T12:30:37.361,13.95000000000,0.97059470000,0.02913018000,-0.23875122000,0.00975182200
etaWear,FEAC84C53DE7,1722504637371,2024-08-01T12:30:37.371,13.96000000000,0.96996856000,0.02915174700,-0.24126490000,0.01011067300
etaWear,FEAC84C53DE7,1722504637381,2024-08-01T12:30:37.381,13.97000000000,0.96931580000,0.02919291300,-0.24385343000,0.01049027300
etaWear,FEAC84C53DE7,1722504637391,2024-08-01T12:30:37.391,13.98000000000,0.96865130000,0.02924027900,-0.24645723000,0.01087849800
etaWear,FEAC84C53DE7,1722504637401,2024-08-01T12:30:37.401,13.99000000000,0.96795040000,0.02926755300,-0.24917533000,0.01126674500
etaWear,FEAC84C53DE7,1722504637411,2024-08-01T12:30:37.411,14.00000000000,0.96721876000,0.02930991500,-0.25197690000,0.01167328000
etaWear,FEAC84C53DE7,1722504637421,2024-08-01T12:30:37.421,14.01000000000,0.96645373000,0.02938348000,-0.25486700000,0.01211124500
etaWear,FEAC84C53DE7,1722504637431,2024-08-01T12:30:37.431,14.02000000000,0.96565500000,0.02944963400,-0.25784764000,0.01255998000
etaWear,FEAC84C53DE7,1722504637441,2024-08-01T12:30:37.441,14.03000000000,0.96482730000,0.02952976200,-0.26089606000,0.01302063500
etaWear,FEAC84C53DE7,1722504637451,2024-08-01T12:30:37.451,14.04000000000,0.96398750000,0.02964113700,-0.26394558000,0.01349502150
etaWear,FEAC84C53DE7,1722504637461,2024-08-01T12:30:37.461,14.05000000000,0.96310675000,0.02973109300,-0.26710570000,0.01399971500
etaWear,FEAC84C53DE7,1722504637471,2024-08-01T12:30:37.471,14.06000000000,0.96219057000,0.02979459200,-0.27035323000,0.01451609200
etaWear,FEAC84C53DE7,1722504637481,2024-08-01T12:30:37.481,14.07000000000,0.96123046000,0.02986437600,-0.27371043000,0.01505952200
etaWear,FEAC84C53DE7,1722504637491,2024-08-01T12:30:37.491,14.08000000000,0.96023446000,0.02996001600,-0.27714124000,0.01564619100
etaWear,FEAC84C53DE7,1722504637501,2024-08-01T12:30:37.501,14.09000000000,0.95920390000,0.03004302000,-0.28064450000,0.01624650100
etaWear,FEAC84C53DE7,1722504637511,2024-08-01T12:30:37.511,14.10000000000,0.95814896000,0.03012230400,-0.28418088000,0.01686633600
etaWear,FEAC84C53DE7,1722504637521,2024-08-01T12:30:37.521,14.11000000000,0.95703393000,0.03021947300,-0.28786350000,0.01753608700
etaWear,FEAC84C53DE7,1722504637531,2024-08-01T12:30:37.531,14.12000000000,0.95587856000,0.03033229300,-0.29162200000,0.01824122300
etaWear,FEAC84C53DE7,1722504637541,2024-08-01T12:30:37.541,14.13000000000,0.95467234000,0.03047027400,-0.29548585000,0.01898422000
etaWear,FEAC84C53DE7,1722504637551,2024-08-01T12:30:37.551,14.14000000000,0.95342130000,0.03065762000,-0.29942710000,0.01977832400
etaWear,FEAC84C53DE7,1722504637661,2024-08-01T12:30:37.661,14.25000000000,0.93665970000,0.03291544700,-0.34737450000,0.03026880700
etaWear,FEAC84C53DE7,1722504637671,2024-08-01T12:30:37.671,14.26000000000,0.93486910000,0.03301423000,-0.35206930000,0.03125707800
etaWear,FEAC84C53DE7,1722504637681,2024-08-01T12:30:37.681,14.27000000000,0.93306464000,0.03309976000,-0.35673112000,0.03221374000
etaWear,FEAC84C53DE7,1722504637691,2024-08-01T12:30:37.691,14.28000000000,0.93116890000,0.03315540400,-0.36156050000,0.03315468000
etaWear,FEAC84C53DE7,1722504637701,2024-08-01T12:30:37.701,14.29000000000,0.92920345000,0.03321983000,-0.36649180000,0.03407596400
etaWear,FEAC84C53DE7,1722504637711,2024-08-01T12:30:37.711,14.30000000000,0.92716470000,0.03330017600,-0.37152874000,0.03497440700
etaWear,FEAC84C53DE7,1722504637721,2024-08-01T12:30:37.721,14.31000000000,0.92505310000,0.03338666600,-0.37666586000,0.03584625600
etaWear,FEAC84C53DE7,1722504637731,2024-08-01T12:30:37.731,14.32000000000,0.92287120000,0.03344142400,-0.38189867000,0.03665917700
etaWear,FEAC84C53DE7,1722504637741,2024-08-01T12:30:37.741,14.33000000000,0.92066115000,0.03348751400,-0.38711774000,0.03743694400
etaWear,FEAC84C53DE7,1722504637751,2024-08-01T12:30:37.751,14.34000000000,0.91832810000,0.03355055000,-0.39253783000,0.03823482600
etaWear,FEAC84C53DE7,1722504637761,2024-08-01T12:30:37.761,14.35000000000,0.91590360000,0.03361593200,-0.39807916000,0.03903120400
etaWear,FEAC84C53DE7,1722504637771,2024-08-01T12:30:37.771,14.36000000000,0.91340035000,0.03364537000,-0.40371296000,0.03979370700
etaWear,FEAC84C53DE7,1722504637781,2024-08-01T12:30:37.781,14.37000000000,0.91083440000,0.03365486000,-0.40939456000,0.04054867000
etaWear,FEAC84C53DE7,1722504637791,2024-08-01T12:30:37.791,14.38000000000,0.90822830000,0.03366560000,-0.41506937000,0.04129687700
etaWear,FEAC84C53DE7,1722504637801,2024-08-01T12:30:37.801,14.39000000000,0.90562200000,0.03369349000,-0.42065450000,0.04199088000
etaWear,FEAC84C53DE7,1722504637811,2024-08-01T12:30:37.811,14.40000000000,0.90292290000,0.03378394600,-0.42634370000,0.04266088500
etaWear,FEAC84C53DE7,1722504637821,2024-08-01T12:30:37.821,14.41000000000,0.90019870000,0.03395782800,-0.43199155000,0.04327154000
etaWear,FEAC84C53DE7,1722504637831,2024-08-01T12:30:37.831,14.42000000000,0.89741990000,0.03420915500,-0.43766007000,0.04382825300
etaWear,FEAC84C53DE7,1722504637841,2024-08-01T12:30:37.841,14.43000000000,0.89451310000,0.03445375700,-0.44350407000,0.04431009000
etaWear,FEAC84C53DE7,1722504637851,2024-08-01T12:30:37.851,14.44000000000,0.89150184000,0.03450884300,-0.44949707000,0.04456380800
etaWear,FEAC84C53DE7,1722504637861,2024-08-01T12:30:37.861,14.45000000000,0.88835347000,0.03437217000,-0.45569810000,0.04456390800
etaWear,FEAC84C53DE7,1722504637871,2024-08-01T12:30:37.871,14.46000000000,0.88522655000,0.03412548500,-0.46178263000,0.04434133300
etaWear,FEAC84C53DE7,1722504637891,2024-08-01T12:30:37.891,14.48000000000,0.87890500000,0.03379053200,-0.47379595000,0.04360779700
etaWear,FEAC84C53DE7,1722504637901,2024-08-01T12:30:37.901,14.49000000000,0.87566440000,0.03384180400,-0.47978795000,0.04324428400
etaWear,FEAC84C53DE7,1722504637911,2024-08-01T12:30:37.911,14.50000000000,0.87247634000,0.03394842000,-0.48557717000,0.04298052200
etaWear,FEAC84C53DE7,1722504637921,2024-08-01T12:30:37.921,14.51000000000,0.86915900000,0.03407814400,-0.49149904000,0.04277952800
etaWear,FEAC84C53DE7,1722504637931,2024-08-01T12:30:37.931,14.52000000000,0.86572560000,0.03422643600,-0.49752125000,0.04266418000
etaWear,FEAC84C53DE7,1722504637941,2024-08-01T12:30:37.941,14.53000000000,0.86227405000,0.03442545600,-0.50346340000,0.04269577200
etaWear,FEAC84C53DE7,1722504637951,2024-08-01T12:30:37.951,14.54000000000,0.85899090000,0.03465235600,-0.50901407000,0.04287748800
etaWear,FEAC84C53DE7,1722504637961,2024-08-01T12:30:37.961,14.55000000000,0.85596190000,0.03488091000,-0.51404756000,0.04321628000
etaWear,FEAC84C53DE7,1722504637971,2024-08-01T12:30:37.971,14.56000000000,0.85317856000,0.03508533000,-0.51860120000,0.04368289000
etaWear,FEAC84C53DE7,1722504637981,2024-08-01T12:30:37.981,14.57000000000,0.85046715000,0.03528779400,-0.52297070000,0.04429563000
etaWear,FEAC84C53DE7,1722504637991,2024-08-01T12:30:37.991,14.58000000000,0.84786980000,0.03553282500,-0.52708757000,0.04508713600
etaWear,FEAC84C53DE7,1722504638001,2024-08-01T12:30:38.001,14.59000000000,0.84538406000,0.03576492500,-0.53096986000,0.04601673000
etaWear,FEAC84C53DE7,1722504638011,2024-08-01T12:30:38.011,14.60000000000,0.84296660000,0.03590705000,-0.53470343000,0.04701189700
etaWear,FEAC84C53DE7,1722504638021,2024-08-01T12:30:38.021,14.61000000000,0.84056940000,0.03595838700,-0.53836920000,0.04804715000
etaWear,FEAC84C53DE7,1722504638031,2024-08-01T12:30:38.031,14.62000000000,0.83815956000,0.03598183800,-0.54201280000,0.04915245200
etaWear,FEAC84C53DE7,1722504638041,2024-08-01T12:30:38.041,14.63000000000,0.83574235000,0.03601075300,-0.54562560000,0.05030427000
etaWear,FEAC84C53DE7,1722504638051,2024-08-01T12:30:38.051,14.64000000000,0.83317065000,0.03600134300,-0.54943424000,0.05150336800
etaWear,FEAC84C53DE7,1722504638061,2024-08-01T12:30:38.061,14.65000000000,0.83044565000,0.03591472000,-0.55343705000,0.05270317200
etaWear,FEAC84C53DE7,1722504638071,2024-08-01T12:30:38.071,14.66000000000,0.82760030000,0.03571012200,-0.55758660000,0.05384839300
etaWear,FEAC84C53DE7,1722504638081,2024-08-01T12:30:38.081,14.67000000000,0.82469570000,0.03543163500,-0.56178710000,0.05492506000
etaWear,FEAC84C53DE7,1722504638091,2024-08-01T12:30:38.091,14.68000000000,0.82179620000,0.03519057500,-0.56593550000,0.05594304200
etaWear,FEAC84C53DE7,1722504638101,2024-08-01T12:30:38.101,14.69000000000,0.81873440000,0.03504228000,-0.57026130000,0.05699085000
etaWear,FEAC84C53DE7,1722504638111,2024-08-01T12:30:38.111,14.70000000000,0.81557150000,0.03500032800,-0.57467100000,0.05806352000
etaWear,FEAC84C53DE7,1722504638121,2024-08-01T12:30:38.121,14.71000000000,0.81231385000,0.03505464300,-0.57915080000,0.05917490600
etaWear,FEAC84C53DE7,1722504638131,2024-08-01T12:30:38.131,14.72000000000,0.80896765000,0.03511372200,-0.58370180000,0.06025425000
etaWear,FEAC84C53DE7,1722504638141,2024-08-01T12:30:38.141,14.73000000000,0.80570406000,0.03508672000,-0.58810645000,0.06116072500
etaWear,FEAC84C53DE7,1722504638151,2024-08-01T12:30:38.151,14.74000000000,0.80254810000,0.03501511400,-0.59232940000,0.06193930300
etaWear,FEAC84C53DE7,1722504638161,2024-08-01T12:30:38.161,14.75000000000,0.79965760000,0.03501564000,-0.59615004000,0.06266487000
etaWear,FEAC84C53DE7,1722504638171,2024-08-01T12:30:38.171,14.76000000000,0.79706180000,0.03510057600,-0.59953760000,0.06336377600
etaWear,FEAC84C53DE7,1722504638181,2024-08-01T12:30:38.181,14.77000000000,0.79476620000,0.03516676000,-0.60251300000,0.06393871500
etaWear,FEAC84C53DE7,1722504638191,2024-08-01T12:30:38.191,14.78000000000,0.79275440000,0.03517191000,-0.60511240000,0.06436115500
etaWear,FEAC84C53DE7,1722504638201,2024-08-01T12:30:38.201,14.79000000000,0.79102767000,0.03518561600,-0.60732840000,0.06472614000
etaWear,FEAC84C53DE7,1722504638211,2024-08-01T12:30:38.211,14.80000000000,0.78943790000,0.03517811400,-0.60935620000,0.06507918000
etaWear,FEAC84C53DE7,1722504638401,2024-08-01T12:30:38.401,14.99000000000,0.77485050000,0.03230732300,-0.62808280000,0.06383487000
etaWear,FEAC84C53DE7,1722504638411,2024-08-01T12:30:38.411,15.00000000000,0.77472740000,0.03222122000,-0.62824590000,0.06376851000
etaWear,FEAC84C53DE7,1722504638421,2024-08-01T12:30:38.421,15.01000000000,0.77466303000,0.03216636000,-0.62833136000,0.06373490400
etaWear,FEAC84C53DE7,1722504638431,2024-08-01T12:30:38.431,15.02000000000,0.77462256000,0.03215788000,-0.62838170000,0.06373550000
etaWear,FEAC84C53DE7,1722504638441,2024-08-01T12:30:38.441,15.03000000000,0.77460250000,0.03215038000,-0.62840690000,0.06373431000
etaWear,FEAC84C53DE7,1722504638451,2024-08-01T12:30:38.451,15.04000000000,0.77461374000,0.03214097800,-0.62839365000,0.06373362000
etaWear,FEAC84C53DE7,1722504638461,2024-08-01T12:30:38.461,15.05000000000,0.77468556000,0.03207168700,-0.62831260000,0.06369427600
etaWear,FEAC84C53DE7,1722504638471,2024-08-01T12:30:38.471,15.06000000000,0.77481735000,0.03200215000,-0.62815636000,0.06366650000
etaWear,FEAC84C53DE7,1722504638481,2024-08-01T12:30:38.481,15.07000000000,0.77497830000,0.03197528800,-0.62795836000,0.06367487500
etaWear,FEAC84C53DE7,1722504638491,2024-08-01T12:30:38.491,15.08000000000,0.77519820000,0.03194640200,-0.62768760000,0.06368329000
etaWear,FEAC84C53DE7,1722504638501,2024-08-01T12:30:38.501,15.09000000000,0.77546760000,0.03195346000,-0.62735796000,0.06364608000
etaWear,FEAC84C53DE7,1722504638511,2024-08-01T12:30:38.511,15.10000000000,0.77577460000,0.03192939600,-0.62698830000,0.06356142500
etaWear,FEAC84C53DE7,1722504638521,2024-08-01T12:30:38.521,15.11000000000,0.77609790000,0.03195570800,-0.62659330000,0.06349569600
etaWear,FEAC84C53DE7,1722504638531,2024-08-01T12:30:38.531,15.12000000000,0.77645695000,0.03198883700,-0.62615440000,0.06341834000
etaWear,FEAC84C53DE7,1722504638541,2024-08-01T12:30:38.541,15.13000000000,0.77686350000,0.03202994000,-0.62565666000,0.06333182000
etaWear,FEAC84C53DE7,1722504638551,2024-08-01T12:30:38.551,15.14000000000,0.77735540000,0.03209078300,-0.62505360000,0.06321937000
etaWear,FEAC84C53DE7,1722504638561,2024-08-01T12:30:38.561,15.15000000000,0.77790310000,0.03216080000,-0.62438107000,0.06309216500
etaWear,FEAC84C53DE7,1722504638571,2024-08-01T12:30:38.571,15.16000000000,0.77852726000,0.03222834000,-0.62361264000,0.06295957400
etaWear,FEAC84C53DE7,1722504638581,2024-08-01T12:30:38.581,15.17000000000,0.77920943000,0.03229477000,-0.62277013000,0.06282659600
etaWear,FEAC84C53DE7,1722504638591,2024-08-01T12:30:38.591,15.18000000000,0.77993906000,0.03235847500,-0.62186587000,0.06269630000
etaWear,FEAC84C53DE7,1722504638601,2024-08-01T12:30:38.601,15.19000000000,0.78069750000,0.03241720800,-0.62092330000,0.06256776000
etaWear,FEAC84C53DE7,1722504638611,2024-08-01T12:30:38.611,15.20000000000,0.78152394000,0.03246511000,-0.61989254000,0.06244735000
etaWear,FEAC84C53DE7,1722504638621,2024-08-01T12:30:38.621,15.21000000000,0.78240687000,0.03250282300,-0.61878710000,0.06233488000
etaWear,FEAC84C53DE7,1722504638631,2024-08-01T12:30:38.631,15.22000000000,0.78328090000,0.03252470000,-0.61768860000,0.06224122300
MetaWear,FEAC84C53DE7,1722504638641,2024-08-01T12:30:38.641,15.23000000000,0.78416270000,0.03253928600,-0.61657660000,0.06215559700
etaWear,FEAC84C53DE7,1722504638651,2024-08-01T12:30:38.651,15.24000000000,0.78499717000,0.03254450000,-0.61552054000,0.06208663800
etaWear,FEAC84C53DE7,1722504638661,2024-08-01T12:30:38.661,15.25000000000,0.78585050000,0.03255570700,-0.61443780000,0.06200955000
etaWear,FEAC84C53DE7,1722504638671,2024-08-01T12:30:38.671,15.26000000000,0.78671100000,0.03257477300,-0.61334360000,0.06192211800
etaWear,FEAC84C53DE7,1722504638681,2024-08-01T12:30:38.681,15.27000000000,0.78760046000,0.03260205300,-0.61220986000,0.06182135000
etaWear,FEAC84C53DE7,1722504638691,2024-08-01T12:30:38.691,15.28000000000,0.78855270000,0.03264327000,-0.61099270000,0.06170058600
etaWear,FEAC84C53DE7,1722504638701,2024-08-01T12:30:38.701,15.29000000000,0.78955970000,0.03269855300,-0.60970205000,0.06156025000
etaWear,FEAC84C53DE7,1722504638711,2024-08-01T12:30:38.711,15.30000000000,0.79059094000,0.03275788200,-0.60837590000,0.06141375800
etaWear,FEAC84C53DE7,1722504638721,2024-08-01T12:30:38.721,15.31000000000,0.79168516000,0.03282112300,-0.60696363000,0.06125774600
etaWear,FEAC84C53DE7,1722504638731,2024-08-01T12:30:38.731,15.32000000000,0.79282150000,0.03289100500,-0.60549170000,0.06108999000
etaWear,FEAC84C53DE7,1722504638741,2024-08-01T12:30:38.741,15.33000000000,0.79401195000,0.03295524800,-0.60394350000,0.06091997000
etaWear,FEAC84C53DE7,1722504638751,2024-08-01T12:30:38.751,15.34000000000,0.79528180000,0.03297121000,-0.60229080000,0.06070786700
etaWear,FEAC84C53DE7,1722504638761,2024-08-01T12:30:38.761,15.35000000000,0.79667693000,0.03303102800,-0.60046124000,0.06050693600
etaWear,FEAC84C53DE7,1722504638771,2024-08-01T12:30:38.771,15.36000000000,0.79815364000,0.03310314000,-0.59851570000,0.06028128400
etaWear,FEAC84C53DE7,1722504638781,2024-08-01T12:30:38.781,15.37000000000,0.79972280000,0.03324275000,-0.59643010000,0.06007941400
etaWear,FEAC84C53DE7,1722504638791,2024-08-01T12:30:38.791,15.38000000000,0.80136126000,0.03341190500,-0.59423600000,0.05989374000
etaWear,FEAC84C53DE7,1722504638801,2024-08-01T12:30:38.801,15.39000000000,0.80309236000,0.03362341200,-0.59190047000,0.05971617300
etaWear,FEAC84C53DE7,1722504638811,2024-08-01T12:30:38.811,15.40000000000,0.80491340000,0.03382950000,-0.58942900000,0.05952564300
etaWear,FEAC84C53DE7,1722504638821,2024-08-01T12:30:38.821,15.41000000000,0.80678780000,0.03399031600,-0.58687526000,0.05929202200
etaWear,FEAC84C53DE7,1722504638831,2024-08-01T12:30:38.831,15.42000000000,0.80872315000,0.03407756200,-0.58422890000,0.05901063200
etaWear,FEAC84C53DE7,1722504638841,2024-08-01T12:30:38.841,15.43000000000,0.81085960000,0.03415814400,-0.58128510000,0.05871510000
etaWear,FEAC84C53DE7,1722504638851,2024-08-01T12:30:38.851,15.44000000000,0.81310880000,0.03432312600,-0.57815150000,0.05845232300
etaWear,FEAC84C53DE7,1722504638861,2024-08-01T12:30:38.861,15.45000000000,0.81547350000,0.03448349000,-0.57483214000,0.05815385700
etaWear,FEAC84C53DE7,1722504638871,2024-08-01T12:30:38.871,15.46000000000,0.81797206000,0.03460079800,-0.57130090000,0.05779013800
etaWear,FEAC84C53DE7,1722504638881,2024-08-01T12:30:38.881,15.47000000000,0.82080210000,0.03467387700,-0.56725790000,0.05744793600
etaWear,FEAC84C53DE7,1722504638891,2024-08-01T12:30:38.891,15.48000000000,0.82373530000,0.03476436400,-0.56302303000,0.05706742400
etaWear,FEAC84C53DE7,1722504638901,2024-08-01T12:30:38.901,15.49000000000,0.82669693000,0.03482056400,-0.55870570000,0.05663698000
etaWear,FEAC84C53DE7,1722504638911,2024-08-01T12:30:38.911,15.50000000000,0.82969960000,0.03482666200,-0.55428857000,0.05612238000
etaWear,FEAC84C53DE7,1722504638921,2024-08-01T12:30:38.921,15.51000000000,0.83274350000,0.03479355600,-0.54976590000,0.05554441700
etaWear,FEAC84C53DE7,1722504638931,2024-08-01T12:30:38.931,15.52000000000,0.83577913000,0.03473882400,-0.54520590000,0.05492789000
etaWear,FEAC84C53DE7,1722504638941,2024-08-01T12:30:38.941,15.53000000000,0.83877850000,0.03466937700,-0.54065233000,0.05425503000
etaWear,FEAC84C53DE7,1722504638951,2024-08-01T12:30:38.951,15.54000000000,0.84172106000,0.03457011700,-0.53613870000,0.05353323000
etaWear,FEAC84C53DE7,1722504638961,2024-08-01T12:30:38.961,15.55000000000,0.84473190000,0.03447232400,-0.53146530000,0.05276629700
etaWear,FEAC84C53DE7,1722504638971,2024-08-01T12:30:38.971,15.56000000000,0.84774330000,0.03437438200,-0.52673465000,0.05196425000
etaWear,FEAC84C53DE7,1722504638981,2024-08-01T12:30:38.981,15.57000000000,0.85074780000,0.03426557000,-0.52195620000,0.05114454800
etaWear,FEAC84C53DE7,1722504638991,2024-08-01T12:30:38.991,15.58000000000,0.85374200000,0.03412715700,-0.51713540000,0.05030776600
etaWear,FEAC84C53DE7,1722504639001,2024-08-01T12:30:39.001,15.59000000000,0.85664850000,0.03398191000,-0.51239670000,0.04947917500
etaWear,FEAC84C53DE7,1722504639011,2024-08-01T12:30:39.011,15.60000000000,0.85957470000,0.03383449500,-0.50756540000,0.04862110300
etaWear,FEAC84C53DE7,1722504639021,2024-08-01T12:30:39.021,15.61000000000,0.86248710000,0.03370623700,-0.50268906000,0.04778758000
etaWear,FEAC84C53DE7,1722504639031,2024-08-01T12:30:39.031,15.62000000000,0.86538124000,0.03357321000,-0.49777818000,0.04695772000
etaWear,FEAC84C53DE7,1722504639041,2024-08-01T12:30:39.041,15.63000000000,0.86823710000,0.03345210500,-0.49286395000,0.04615710300
MetaWear,FEAC84C53DE7,1722504639051,2024-08-01T12:30:39.051,15.64000000000,0.87104280000,0.03334482400,-0.48796523000,0.04541562500
etaWear,FEAC84C53DE7,1722504639061,2024-08-01T12:30:39.061,15.65000000000,0.87375224000,0.03319656000,-0.48317580000,0.04467858400
etaWear,FEAC84C53DE7,1722504639071,2024-08-01T12:30:39.071,15.66000000000,0.87648410000,0.03300329300,-0.47828743000,0.04390314600
etaWear,FEAC84C53DE7,1722504639081,2024-08-01T12:30:39.081,15.67000000000,0.87917300000,0.03285332800,-0.47340490000,0.04316698800
etaWear,FEAC84C53DE7,1722504639091,2024-08-01T12:30:39.091,15.68000000000,0.88176420000,0.03275155300,-0.46863085000,0.04247786000
etaWear,FEAC84C53DE7,1722504639101,2024-08-01T12:30:39.101,15.69000000000,0.88424880000,0.03265403200,-0.46399638000,0.04177470500
etaWear,FEAC84C53DE7,1722504639111,2024-08-01T12:30:39.111,15.70000000000,0.88664716000,0.03257766700,-0.45946595000,0.04106877400
etaWear,FEAC84C53DE7,1722504639121,2024-08-01T12:30:39.121,15.71000000000,0.88909435000,0.03252211000,-0.45477998000,0.04035786000
etaWear,FEAC84C53DE7,1722504639131,2024-08-01T12:30:39.131,15.72000000000,0.89150596000,0.03249695000,-0.45009848000,0.03965480300
etaWear,FEAC84C53DE7,1722504639141,2024-08-01T12:30:39.141,15.73000000000,0.89384430000,0.03244243200,-0.44550450000,0.03893047600
etaWear,FEAC84C53DE7,1722504639151,2024-08-01T12:30:39.151,15.74000000000,0.89610420000,0.03236843300,-0.44101250000,0.03817753500
etaWear,FEAC84C53DE7,1722504639161,2024-08-01T12:30:39.161,15.75000000000,0.89830655000,0.03232477200,-0.43657854000,0.03741148500
etaWear,FEAC84C53DE7,1722504639171,2024-08-01T12:30:39.171,15.76000000000,0.90047395000,0.03233546800,-0.43215480000,0.03665244600
etaWear,FEAC84C53DE7,1722504639181,2024-08-01T12:30:39.181,15.77000000000,0.90259624000,0.03238069000,-0.42776360000,0.03591422700
etaWear,FEAC84C53DE7,1722504639191,2024-08-01T12:30:39.191,15.78000000000,0.90475280000,0.03240537600,-0.42324615000,0.03514161000
etaWear,FEAC84C53DE7,1722504639201,2024-08-01T12:30:39.201,15.79000000000,0.90685360000,0.03241773000,-0.41878998000,0.03435886700
etaWear,FEAC84C53DE7,1722504639211,2024-08-01T12:30:39.211,15.80000000000,0.90886680000,0.03246208700,-0.41446160000,0.03359905600
etaWear,FEAC84C53DE7,1722504639221,2024-08-01T12:30:39.221,15.81000000000,0.91091955000,0.03259489300,-0.40997870000,0.03287411500
etaWear,FEAC84C53DE7,1722504639231,2024-08-01T12:30:39.231,15.82000000000,0.91301390000,0.03280023500,-0.40533224000,0.03218115000
etaWear,FEAC84C53DE7,1722504639241,2024-08-01T12:30:39.241,15.83000000000,0.91516800000,0.03301144000,-0.40048254000,0.03148716700
etaWear,FEAC84C53DE7,1722504639251,2024-08-01T12:30:39.251,15.84000000000,0.91731950000,0.03315790700,-0.39557433000,0.03076423100
etaWear,FEAC84C53DE7,1722504639261,2024-08-01T12:30:39.261,15.85000000000,0.91948205000,0.03325594600,-0.39057168000,0.03000782600
etaWear,FEAC84C53DE7,1722504639271,2024-08-01T12:30:39.271,15.86000000000,0.92169315000,0.03333492200,-0.38537952000,0.02920889900
etaWear,FEAC84C53DE7,1722504639281,2024-08-01T12:30:39.281,15.87000000000,0.92396170000,0.03343156000,-0.37996218000,0.02838497400
etaWear,FEAC84C53DE7,1722504639291,2024-08-01T12:30:39.291,15.88000000000,0.92654750000,0.03355433000,-0.37366890000,0.02748363800
etaWear,FEAC84C53DE7,1722504639301,2024-08-01T12:30:39.301,15.89000000000,0.92918986000,0.03367632600,-0.36711094000,0.02648532200
etaWear,FEAC84C53DE7,1722504639311,2024-08-01T12:30:39.311,15.90000000000,0.93183760000,0.03374961800,-0.36041070000,0.02537111600
etaWear,FEAC84C53DE7,1722504639321,2024-08-01T12:30:39.321,15.91000000000,0.93444180000,0.03374545300,-0.35369110000,0.02413043600
etaWear,FEAC84C53DE7,1722504639331,2024-08-01T12:30:39.331,15.92000000000,0.93697900000,0.03374302400,-0.34700456000,0.02279173400
etaWear,FEAC84C53DE7,1722504639341,2024-08-01T12:30:39.341,15.93000000000,0.93939120000,0.03385787500,-0.34049693000,0.02144016500
etaWear,FEAC84C53DE7,1722504639351,2024-08-01T12:30:39.351,15.94000000000,0.94176840000,0.03408021500,-0.33392957000,0.02004673500
etaWear,FEAC84C53DE7,1722504639361,2024-08-01T12:30:39.361,15.95000000000,0.94405425000,0.03440347000,-0.32746112000,0.01863326300
etaWear,FEAC84C53DE7,1722504639371,2024-08-01T12:30:39.371,15.96000000000,0.94622690000,0.03483286000,-0.32115920000,0.01726502600
etaWear,FEAC84C53DE7,1722504639381,2024-08-01T12:30:39.381,15.97000000000,0.94827750000,0.03537069000,-0.31506127000,0.01596835600
etaWear,FEAC84C53DE7,1722504639391,2024-08-01T12:30:39.391,15.98000000000,0.95019954000,0.03590159500,-0.30921692000,0.01472436900
etaWear,FEAC84C53DE7,1722504639401,2024-08-01T12:30:39.401,15.99000000000,0.95195980000,0.03632988800,-0.30375832000,0.01355320100
etaWear,FEAC84C53DE7,1722504639411,2024-08-01T12:30:39.411,16.00000000000,0.95361996000,0.03667910400,-0.29851174000,0.01242326000
etaWear,FEAC84C53DE7,1722504639421,2024-08-01T12:30:39.421,16.01000000000,0.95515150000,0.03691974300,-0.29358745000,0.01135564800
etaWear,FEAC84C53DE7,1722504639431,2024-08-01T12:30:39.431,16.02000000000,0.95656127000,0.03709360600,-0.28897643000,0.01035865500
etaWear,FEAC84C53DE7,1722504639441,2024-08-01T12:30:39.441,16.03000000000,0.95787170000,0.03724396000,-0.28461432000,0.00945388150
etaWear,FEAC84C53DE7,1722504639451,2024-08-01T12:30:39.451,16.04000000000,0.95907295000,0.03740013000,-0.28054398000,0.00867802900
etaWear,FEAC84C53DE7,1722504639461,2024-08-01T12:30:39.461,16.05000000000,0.96020496000,0.03760843000,-0.27663717000,0.00799599800
etaWear,FEAC84C53DE7,1722504639471,2024-08-01T12:30:39.471,16.06000000000,0.96126110000,0.03779455000,-0.27293628000,0.00738658600
etaWear,FEAC84C53DE7,1722504639631,2024-08-01T12:30:39.631,16.22000000000,0.97601220000,0.03900785700,-0.21415599000,-0.00397861940
etaWear,FEAC84C53DE7,1722504639641,2024-08-01T12:30:39.641,16.23000000000,0.97665340000,0.03904369000,-0.21118684000,-0.00487937130
etaWear,FEAC84C53DE7,1722504639651,2024-08-01T12:30:39.651,16.24000000000,0.97723980000,0.03907463300,-0.20843005000,-0.00569777660
etaWear,FEAC84C53DE7,1722504639661,2024-08-01T12:30:39.661,16.25000000000,0.97775840000,0.03909120700,-0.20595786000,-0.00644405140
etaWear,FEAC84C53DE7,1722504639671,2024-08-01T12:30:39.671,16.26000000000,0.97821710000,0.03909581500,-0.20374465000,-0.00712743960
etaWear,FEAC84C53DE7,1722504639681,2024-08-01T12:30:39.681,16.27000000000,0.97861990000,0.03913619400,-0.20177340000,-0.00768220420
etaWear,FEAC84C53DE7,1722504639691,2024-08-01T12:30:39.691,16.28000000000,0.97898830000,0.03914111000,-0.19995832000,-0.00816549400
etaWear,FEAC84C53DE7,1722504639701,2024-08-01T12:30:39.701,16.29000000000,0.97931933000,0.03912763700,-0.19831589000,-0.00857310600
etaWear,FEAC84C53DE7,1722504639711,2024-08-01T12:30:39.711,16.30000000000,0.97985760000,0.03941245700,-0.19556348000,-0.00897667600
etaWear,FEAC84C53DE7,1722504639721,2024-08-01T12:30:39.721,16.31000000000,0.98034644000,0.03971048400,-0.19302246000,-0.00928828100
etaWear,FEAC84C53DE7,1722504639731,2024-08-01T12:30:39.731,16.32000000000,0.98078597000,0.03998683400,-0.19070719000,-0.00952477000
etaWear,FEAC84C53DE7,1722504639741,2024-08-01T12:30:39.741,16.33000000000,0.98116810000,0.04025955500,-0.18866510000,-0.00968366100
etaWear,FEAC84C53DE7,1722504639751,2024-08-01T12:30:39.751,16.34000000000,0.98150784000,0.04045469700,-0.18684286000,-0.00977254700
etaWear,FEAC84C53DE7,1722504639761,2024-08-01T12:30:39.761,16.35000000000,0.98179257000,0.04055200000,-0.18531437000,-0.00987044400
etaWear,FEAC84C53DE7,1722504639771,2024-08-01T12:30:39.771,16.36000000000,0.98203963000,0.04051925000,-0.18400530000,-0.00991381500
etaWear,FEAC84C53DE7,1722504639781,2024-08-01T12:30:39.781,16.37000000000,0.98226020000,0.04037270300,-0.18285587000,-0.00992865900
etaWear,FEAC84C53DE7,1722504639791,2024-08-01T12:30:39.791,16.38000000000,0.98244850000,0.04015256500,-0.18189156000,-0.00990443000
etaWear,FEAC84C53DE7,1722504639801,2024-08-01T12:30:39.801,16.39000000000,0.98260150000,0.03995521000,-0.18111022000,-0.00984745000
etaWear,FEAC84C53DE7,1722504639811,2024-08-01T12:30:39.811,16.40000000000,0.98272160000,0.03977294600,-0.18050219000,-0.00976672600
etaWear,FEAC84C53DE7,1722504639821,2024-08-01T12:30:39.821,16.41000000000,0.98281320000,0.03956972400,-0.18005303000,-0.00966771000
etaWear,FEAC84C53DE7,1722504639831,2024-08-01T12:30:39.831,16.42000000000,0.98288710000,0.03937128000,-0.17969872000,-0.00955318600
etaWear,FEAC84C53DE7,1722504639841,2024-08-01T12:30:39.841,16.43000000000,0.98294330000,0.03917020200,-0.17944163000,-0.00943228200
etaWear,FEAC84C53DE7,1722504639851,2024-08-01T12:30:39.851,16.44000000000,0.98297536000,0.03897511600,-0.17931375000,-0.00932118000
etaWear,FEAC84C53DE7,1722504639861,2024-08-01T12:30:39.861,16.45000000000,0.98299120000,0.03879947600,-0.17927147000,-0.00919414100
etaWear,FEAC84C53DE7,1722504641511,2024-08-01T12:30:41.511,18.10000000000,0.78970890000,0.06704129000,-0.60246366000,0.09435417500
etaWear,FEAC84C53DE7,1722504641521,2024-08-01T12:30:41.521,18.11000000000,0.78932120000,0.06701392000,-0.60298395000,0.09429499000
etaWear,FEAC84C53DE7,1722504641531,2024-08-01T12:30:41.531,18.12000000000,0.78895650000,0.06699036000,-0.60347260000,0.09423765000
etaWear,FEAC84C53DE7,1722504641541,2024-08-01T12:30:41.541,18.13000000000,0.78860486000,0.06696378000,-0.60394570000,0.09416977000
etaWear,FEAC84C53DE7,1722504641551,2024-08-01T12:30:41.551,18.14000000000,0.78827816000,0.06693859400,-0.60438460000,0.09410720000
etaWear,FEAC84C53DE7,1722504641561,2024-08-01T12:30:41.561,18.15000000000,0.78794986000,0.06688590000,-0.60482100000,0.09408916500
etaWear,FEAC84C53DE7,1722504641571,2024-08-01T12:30:41.571,18.16000000000,0.78762990000,0.06682863000,-0.60524820000,0.09406185000
etaWear,FEAC84C53DE7,1722504641581,2024-08-01T12:30:41.581,18.17000000000,0.78732130000,0.06676384000,-0.60566190000,0.09402884000
etaWear,FEAC84C53DE7,1722504641591,2024-08-01T12:30:41.591,18.18000000000,0.78703770000,0.06673121000,-0.60604495000,0.09395858000
etaWear,FEAC84C53DE7,1722504641601,2024-08-01T12:30:41.601,18.19000000000,0.78678890000,0.06670342400,-0.60638060000,0.09389591000
etaWear,FEAC84C53DE7,1722504641611,2024-08-01T12:30:41.611,18.20000000000,0.78660244000,0.06665700000,-0.60663650000,0.09383710000
etaWear,FEAC84C53DE7,1722504641621,2024-08-01T12:30:41.621,18.21000000000,0.78648450000,0.06660277000,-0.60680300000,0.09378838000
etaWear,FEAC84C53DE7,1722504641631,2024-08-01T12:30:41.631,18.22000000000,0.78637190000,0.06656213000,-0.60696065000,0.09374198000
etaWear,FEAC84C53DE7,1722504641641,2024-08-01T12:30:41.641,18.23000000000,0.78628460000,0.06654082000,-0.60707110000,0.09377342000
etaWear,FEAC84C53DE7,1722504641651,2024-08-01T12:30:41.651,18.24000000000,0.78619950000,0.06644746000,-0.60719320000,0.09376357000
etaWear,FEAC84C53DE7,1722504641661,2024-08-01T12:30:41.661,18.25000000000,0.78609400000,0.06632483000,-0.60734800000,0.09373192000
etaWear,FEAC84C53DE7,1722504641671,2024-08-01T12:30:41.671,18.26000000000,0.78602195000,0.06620973000,-0.60745585000,0.09371792500
etaWear,FEAC84C53DE7,1722504641681,2024-08-01T12:30:41.681,18.27000000000,0.78598780000,0.06614201000,-0.60751560000,0.09366579000
etaWear,FEAC84C53DE7,1722504641691,2024-08-01T12:30:41.691,18.28000000000,0.78596234000,0.06606682400,-0.60756480000,0.09361244000
etaWear,FEAC84C53DE7,1722504641701,2024-08-01T12:30:41.701,18.29000000000,0.78615695000,0.06596742600,-0.60732913000,0.09357859000
etaWear,FEAC84C53DE7,1722504641711,2024-08-01T12:30:41.711,18.30000000000,0.78644990000,0.06587014000,-0.60696167000,0.09356914500
etaWear,FEAC84C53DE7,1722504641721,2024-08-01T12:30:41.721,18.31000000000,0.78686640000,0.06577649000,-0.60643990000,0.09351650000
etaWear,FEAC84C53DE7,1722504642201,2024-08-01T12:30:42.201,18.79000000000,0.89860135000,0.05898262600,-0.43021120000,0.06288779000
etaWear,FEAC84C53DE7,1722504642211,2024-08-01T12:30:42.211,18.80000000000,0.90165060000,0.05858186000,-0.42403692000,0.06153977300
etaWear,FEAC84C53DE7,1722504642221,2024-08-01T12:30:42.221,18.81000000000,0.90463570000,0.05818247800,-0.41788116000,0.06020239700
etaWear,FEAC84C53DE7,1722504642231,2024-08-01T12:30:42.231,18.82000000000,0.90765476000,0.05781643000,-0.41152787000,0.05886241800
etaWear,FEAC84C53DE7,1722504642241,2024-08-01T12:30:42.241,18.83000000000,0.91064733000,0.05748265600,-0.40509860000,0.05755179400
etaWear,FEAC84C53DE7,1722504642251,2024-08-01T12:30:42.251,18.84000000000,0.91362690000,0.05713909000,-0.39856705000,0.05625979200
etaWear,FEAC84C53DE7,1722504642261,2024-08-01T12:30:42.261,18.85000000000,0.91665804000,0.05679113400,-0.39177310000,0.05501426000
etaWear,FEAC84C53DE7,1722504642271,2024-08-01T12:30:42.271,18.86000000000,0.91971310000,0.05650199200,-0.38474390000,0.05392025800
etaWear,FEAC84C53DE7,1722504642281,2024-08-01T12:30:42.281,18.87000000000,0.92288446000,0.05623990000,-0.37724814000,0.05296335400
etaWear,FEAC84C53DE7,1722504642291,2024-08-01T12:30:42.291,18.88000000000,0.92606880000,0.05596197400,-0.36952153000,0.05214026200
etaWear,FEAC84C53DE7,1722504642301,2024-08-01T12:30:42.301,18.89000000000,0.92923680000,0.05566287400,-0.36162278000,0.05147167300
etaWear,FEAC84C53DE7,1722504642311,2024-08-01T12:30:42.311,18.90000000000,0.93238730000,0.05535231500,-0.35354927000,0.05092139500
etaWear,FEAC84C53DE7,1722504642321,2024-08-01T12:30:42.321,18.91000000000,0.93549716000,0.05498516600,-0.34536594000,0.05043864600
etaWear,FEAC84C53DE7,1722504642331,2024-08-01T12:30:42.331,18.92000000000,0.93851520000,0.05452939000,-0.33722590000,0.04994381600
etaWear,FEAC84C53DE7,1722504642341,2024-08-01T12:30:42.341,18.93000000000,0.94132910000,0.05418446000,-0.32941598000,0.04948213700
etaWear,FEAC84C53DE7,1722504642351,2024-08-01T12:30:42.351,18.94000000000,0.94402254000,0.05415917600,-0.32167320000,0.04913796000
etaWear,FEAC84C53DE7,1722504642361,2024-08-01T12:30:42.361,18.95000000000,0.94654250000,0.05437551800,-0.31418613000,0.04886357000
etaWear,FEAC84C53DE7,1722504642371,2024-08-01T12:30:42.371,18.96000000000,0.94891760000,0.05458275600,-0.30695388000,0.04853067000
etaWear,FEAC84C53DE7,1722504642201,2024-08-01T12:30:42.201,18.79000000000,0.89860135000,0.05898262600,-0.43021120000,0.06288779000
etaWear,FEAC84C53DE7,1722504642211,2024-08-01T12:30:42.211,18.80000000000,0.90165060000,0.05858186000,-0.42403692000,0.06153977300
etaWear,FEAC84C53DE7,1722504642221,2024-08-01T12:30:42.221,18.81000000000,0.90463570000,0.05818247800,-0.41788116000,0.06020239700
etaWear,FEAC84C53DE7,1722504642231,2024-08-01T12:30:42.231,18.82000000000,0.90765476000,0.05781643000,-0.41152787000,0.05886241800
etaWear,FEAC84C53DE7,1722504642241,2024-08-01T12:30:42.241,18.83000000000,0.91064733000,0.05748265600,-0.40509860000,0.05755179400
etaWear,FEAC84C53DE7,1722504642251,2024-08-01T12:30:42.251,18.84000000000,0.91362690000,0.05713909000,-0.39856705000,0.05625979200
etaWear,FEAC84C53DE7,1722504642261,2024-08-01T12:30:42.261,18.85000000000,0.91665804000,0.05679113400,-0.39177310000,0.05501426000
etaWear,FEAC84C53DE7,1722504642271,2024-08-01T12:30:42.271,18.86000000000,0.91971310000,0.05650199200,-0.38474390000,0.05392025800
etaWear,FEAC84C53DE7,1722504642281,2024-08-01T12:30:42.281,18.87000000000,0.92288446000,0.05623990000,-0.37724814000,0.05296335400
etaWear,FEAC84C53DE7,1722504642291,2024-08-01T12:30:42.291,18.88000000000,0.92606880000,0.05596197400,-0.36952153000,0.05214026200
etaWear,FEAC84C53DE7,1722504642301,2024-08-01T12:30:42.301,18.89000000000,0.92923680000,0.05566287400,-0.36162278000,0.05147167300
etaWear,FEAC84C53DE7,1722504642311,2024-08-01T12:30:42.311,18.90000000000,0.93238730000,0.05535231500,-0.35354927000,0.05092139500
etaWear,FEAC84C53DE7,1722504642321,2024-08-01T12:30:42.321,18.91000000000,0.93549716000,0.05498516600,-0.34536594000,0.05043864600
etaWear,FEAC84C53DE7,1722504642331,2024-08-01T12:30:42.331,18.92000000000,0.93851520000,0.05452939000,-0.33722590000,0.04994381600
etaWear,FEAC84C53DE7,1722504642341,2024-08-01T12:30:42.341,18.93000000000,0.94132910000,0.05418446000,-0.32941598000,0.04948213700
etaWear,FEAC84C53DE7,1722504642351,2024-08-01T12:30:42.351,18.94000000000,0.94402254000,0.05415917600,-0.32167320000,0.04913796000
etaWear,FEAC84C53DE7,1722504642361,2024-08-01T12:30:42.361,18.95000000000,0.94654250000,0.05437551800,-0.31418613000,0.04886357000
etaWear,FEAC84C53DE7,1722504642371,2024-08-01T12:30:42.371,18.96000000000,0.94891760000,0.05458275600,-0.30695388000,0.04853067000
etaWear,FEAC84C53DE7,1722504642381,2024-08-01T12:30:42.381,18.97000000000,0.95117050000,0.05471707500,-0.29994610000,0.04809400400
etaWear,FEAC84C53DE7,1722504641511,2024-08-01T12:30:41.511,18.10000000000,0.78970890000,0.06704129000,-0.60246366000,0.09435417500
etaWear,FEAC84C53DE7,1722504641521,2024-08-01T12:30:41.521,18.11000000000,0.78932120000,0.06701392000,-0.60298395000,0.09429499000
etaWear,FEAC84C53DE7,1722504641531,2024-08-01T12:30:41.531,18.12000000000,0.78895650000,0.06699036000,-0.60347260000,0.09423765000
etaWear,FEAC84C53DE7,1722504641541,2024-08-01T12:30:41.541,18.13000000000,0.78860486000,0.06696378000,-0.60394570000,0.09416977000
etaWear,FEAC84C53DE7,1722504641551,2024-08-01T12:30:41.551,18.14000000000,0.78827816000,0.06693859400,-0.60438460000,0.09410720000
etaWear,FEAC84C53DE7,1722504641561,2024-08-01T12:30:41.561,18.15000000000,0.78794986000,0.06688590000,-0.60482100000,0.09408916500
etaWear,FEAC84C53DE7,1722504641571,2024-08-01T12:30:41.571,18.16000000000,0.78762990000,0.06682863000,-0.60524820000,0.09406185000
etaWear,FEAC84C53DE7,1722504641581,2024-08-01T12:30:41.581,18.17000000000,0.78732130000,0.06676384000,-0.60566190000,0.09402884000
etaWear,FEAC84C53DE7,1722504641591,2024-08-01T12:30:41.591,18.18000000000,0.78703770000,0.06673121000,-0.60604495000,0.09395858000
etaWear,FEAC84C53DE7,1722504641601,2024-08-01T12:30:41.601,18.19000000000,0.78678890000,0.06670342400,-0.60638060000,0.09389591000
etaWear,FEAC84C53DE7,1722504641611,2024-08-01T12:30:41.611,18.20000000000,0.78660244000,0.06665700000,-0.60663650000,0.09383710000
etaWear,FEAC84C53DE7,1722504641621,2024-08-01T12:30:41.621,18.21000000000,0.78648450000,0.06660277000,-0.60680300000,0.09378838000
etaWear,FEAC84C53DE7,1722504641631,2024-08-01T12:30:41.631,18.22000000000,0.78637190000,0.06656213000,-0.60696065000,0.09374198000
etaWear,FEAC84C53DE7,1722504641641,2024-08-01T12:30:41.641,18.23000000000,0.78628460000,0.06654082000,-0.60707110000,0.09377342000
etaWear,FEAC84C53DE7,1722504641651,2024-08-01T12:30:41.651,18.24000000000,0.78619950000,0.06644746000,-0.60719320000,0.09376357000
etaWear,FEAC84C53DE7,1722504641661,2024-08-01T12:30:41.661,18.25000000000,0.78609400000,0.06632483000,-0.60734800000,0.09373192000
etaWear,FEAC84C53DE7,1722504641671,2024-08-01T12:30:41.671,18.26000000000,0.78602195000,0.06620973000,-0.60745585000,0.09371792500
etaWear,FEAC84C53DE7,1722504641681,2024-08-01T12:30:41.681,18.27000000000,0.78598780000,0.06614201000,-0.60751560000,0.09366579000
etaWear,FEAC84C53DE7,1722504641691,2024-08-01T12:30:41.691,18.28000000000,0.78596234000,0.06606682400,-0.60756480000,0.09361244000
etaWear,FEAC84C53DE7,1722504641701,2024-08-01T12:30:41.701,18.29000000000,0.78615695000,0.06596742600,-0.60732913000,0.09357859000
etaWear,FEAC84C53DE7,1722504641711,2024-08-01T12:30:41.711,18.30000000000,0.78644990000,0.06587014000,-0.60696167000,0.09356914500
etaWear,FEAC84C53DE7,1722504641721,2024-08-01T12:30:41.721,18.31000000000,0.78686640000,0.06577649000,-0.60643990000,0.09351650000
etaWear,FEAC84C53DE7,1722504642791,2024-08-01T12:30:42.791,19.38000000000,0.98618580000,0.03792911800,-0.15848072000,0.02971205000
etaWear,FEAC84C53DE7,1722504642801,2024-08-01T12:30:42.801,19.39000000000,0.98647970000,0.03747346300,-0.15675437000,0.02968846000
etaWear,FEAC84C53DE7,1722504642811,2024-08-01T12:30:42.811,19.40000000000,0.98672210000,0.03731448000,-0.15526287000,0.02967294900
etaWear,FEAC84C53DE7,1722504642821,2024-08-01T12:30:42.821,19.41000000000,0.98690146000,0.03744604400,-0.15409319000,0.02964336200
etaWear,FEAC84C53DE7,1722504642831,2024-08-01T12:30:42.831,19.42000000000,0.98701906000,0.03776475800,-0.15327053000,0.02958651300
etaWear,FEAC84C53DE7,1722504642791,2024-08-01T12:30:42.791,19.38000000000,0.98618580000,0.03792911800,-0.15848072000,0.02971205000
etaWear,FEAC84C53DE7,1722504642801,2024-08-01T12:30:42.801,19.39000000000,0.98647970000,0.03747346300,-0.15675437000,0.02968846000
etaWear,FEAC84C53DE7,1722504642811,2024-08-01T12:30:42.811,19.40000000000,0.98672210000,0.03731448000,-0.15526287000,0.02967294900
etaWear,FEAC84C53DE7,1722504642821,2024-08-01T12:30:42.821,19.41000000000,0.98690146000,0.03744604400,-0.15409319000,0.02964336200
etaWear,FEAC84C53DE7,1722504642831,2024-08-01T12:30:42.831,19.42000000000,0.98701906000,0.03776475800,-0.15327053000,0.02958651300
etaWear,FEAC84C53DE7,1722504642841,2024-08-01T12:30:42.841,19.43000000000,0.98702234000,0.03826626800,-0.15313636000,0.02952563400
MetaWear,FEAC84C53DE7,1722504642851,2024-08-01T12:30:42.851,19.44000000000,0.98701910000,0.03876149300,-0.15304099000,0.02948568600
etaWear,FEAC84C53DE7,1722504642861,2024-08-01T12:30:42.861,19.45000000000,0.98700700000,0.03915605300,-0.15302578000,0.02944577700
etaWear,FEAC84C53DE7,1722504642871,2024-08-01T12:30:42.871,19.46000000000,0.98700130000,0.03937075000,-0.15301664000,0.02939926000
etaWear,FEAC84C53DE7,1722504642881,2024-08-01T12:30:42.881,19.47000000000,0.98699975000,0.03945673300,-0.15301225000,0.02935939000
etaWear,FEAC84C53DE7,1722504642891,2024-08-01T12:30:42.891,19.48000000000,0.98698527000,0.03945951500,-0.15310577000,0.02935565000
etaWear,FEAC84C53DE7,1722504642901,2024-08-01T12:30:42.901,19.49000000000,0.98697007000,0.03940057400,-0.15322190000,0.02934141000
etaWear,FEAC84C53DE7,1722504642911,2024-08-01T12:30:42.911,19.50000000000,0.98697920000,0.03944067000,-0.15316138000,0.02929655800
etaWear,FEAC84C53DE7,1722504642921,2024-08-01T12:30:42.921,19.51000000000,0.98698100000,0.03941003200,-0.15315622000,0.02930181500
etaWear,FEAC84C53DE7,1722504642931,2024-08-01T12:30:42.931,19.52000000000,0.98697525000,0.03932745000,-0.15320998000,0.02932487200
etaWear,FEAC84C53DE7,1722504642941,2024-08-01T12:30:42.941,19.53000000000,0.98696065000,0.03923396000,-0.15331920000,0.02937055400
etaWear,FEAC84C53DE7,1722504642951,2024-08-01T12:30:42.951,19.54000000000,0.98694240000,0.03913937500,-0.15344933000,0.02943088900
etaWear,FEAC84C53DE7,1722504642961,2024-08-01T12:30:42.961,19.55000000000,0.98692580000,0.03900592800,-0.15357750000,0.02949525800
etaWear,FEAC84C53DE7,1722504642971,2024-08-01T12:30:42.971,19.56000000000,0.98690766000,0.03885559000,-0.15372054000,0.02955412300
etaWear,FEAC84C53DE7,1722504642981,2024-08-01T12:30:42.981,19.57000000000,0.98688580000,0.03873710300,-0.15387946000,0.02961417100
etaWear,FEAC84C53DE7,1722504642991,2024-08-01T12:30:42.991,19.58000000000,0.98686470000,0.03859286400,-0.15404342000,0.02965487200
etaWear,FEAC84C53DE7,1722504643001,2024-08-01T12:30:43.001,19.59000000000,0.98684350000,0.03844507800,-0.15421039000,0.02968164500
etaWear,FEAC84C53DE7,1722504643011,2024-08-01T12:30:43.011,19.60000000000,0.98682064000,0.03835197500,-0.15437454000,0.02971264000
etaWear,FEAC84C53DE7,1722504643021,2024-08-01T12:30:43.021,19.61000000000,0.98679525000,0.03830478000,-0.15455124000,0.02969717200
etaWear,FEAC84C53DE7,1722504643031,2024-08-01T12:30:43.031,19.62000000000,0.98676980000,0.03830861000,-0.15471405000,0.02969043500
etaWear,FEAC84C53DE7,1722504643041,2024-08-01T12:30:43.041,19.63000000000,0.98674786000,0.03831204000,-0.15485434000,0.02968441000
etaWear,FEAC84C53DE7,1722504643051,2024-08-01T12:30:43.051,19.64000000000,0.98672450000,0.03831517300,-0.15500362000,0.02967767400
etaWear,FEAC84C53DE7,1722504643061,2024-08-01T12:30:43.061,19.65000000000,0.98669510000,0.03831619800,-0.15519178000,0.02966976700
etaWear,FEAC84C53DE7,1722504643071,2024-08-01T12:30:43.071,19.66000000000,0.98665930000,0.03837161500,-0.15540583000,0.02966916000
etaWear,FEAC84C53DE7,1722504643081,2024-08-01T12:30:43.081,19.67000000000,0.98662955000,0.03844333000,-0.15557513000,0.02967239400
etaWear,FEAC84C53DE7,1722504643091,2024-08-01T12:30:43.091,19.68000000000,0.98660344000,0.03851818300,-0.15572174000,0.02967594600
etaWear,FEAC84C53DE7,1722504643101,2024-08-01T12:30:43.101,19.69000000000,0.98657370000,0.03862744600,-0.15588239000,0.02968097700
etaWear,FEAC84C53DE7,1722504643111,2024-08-01T12:30:43.111,19.70000000000,0.98654340000,0.03873462200,-0.15604717000,0.02968296800
etaWear,FEAC84C53DE7,1722504643121,2024-08-01T12:30:43.121,19.71000000000,0.98651710000,0.03876465000,-0.15620814000,0.02967037600
etaWear,FEAC84C53DE7,1722504643131,2024-08-01T12:30:43.131,19.72000000000,0.98649200000,0.03879011400,-0.15636250000,0.02965873900
etaWear,FEAC84C53DE7,1722504643141,2024-08-01T12:30:43.141,19.73000000000,0.98646680000,0.03880189700,-0.15651047000,0.02969890300
etaWear,FEAC84C53DE7,1722504643151,2024-08-01T12:30:43.151,19.74000000000,0.98643740000,0.03881469700,-0.15668280000,0.02975308700
etaWear,FEAC84C53DE7,1722504643161,2024-08-01T12:30:43.161,19.75000000000,0.98640470000,0.03882806400,-0.15687184000,0.02982075500
etaWear,FEAC84C53DE7,1722504643171,2024-08-01T12:30:43.171,19.76000000000,0.98636660000,0.03889166600,-0.15707856000,0.02991025300
etaWear,FEAC84C53DE7,1722504643181,2024-08-01T12:30:43.181,19.77000000000,0.98632130000,0.03897217700,-0.15732509000,0.03000485200
etaWear,FEAC84C53DE7,1722504643191,2024-08-01T12:30:43.191,19.78000000000,0.98626950000,0.03905936000,-0.15760760000,0.03011371400
etaWear,FEAC84C53DE7,1722504643201,2024-08-01T12:30:43.201,19.79000000000,0.98621386000,0.03908595400,-0.15792695000,0.03022589500
etaWear,FEAC84C53DE7,1722504643211,2024-08-01T12:30:43.211,19.80000000000,0.98615295000,0.03911549200,-0.15827635000,0.03034510600
etaWear,FEAC84C53DE7,1722504643221,2024-08-01T12:30:43.221,19.81000000000,0.98608506000,0.03913681000,-0.15866677000,0.03048796400
etaWear,FEAC84C53DE7,1722504643231,2024-08-01T12:30:43.231,19.82000000000,0.98600690000,0.03915466400,-0.15911625000,0.03064746200
etaWear,FEAC84C53DE7,1722504643481,2024-08-01T12:30:43.481,20.07000000000,0.97364980000,0.04056624700,-0.22087206000,0.03969900300
etaWear,FEAC84C53DE7,1722504643491,2024-08-01T12:30:43.491,20.08000000000,0.97256060000,0.04042720000,-0.22556312000,0.04015981400
etaWear,FEAC84C53DE7,1722504643501,2024-08-01T12:30:43.501,20.09000000000,0.97137930000,0.04036179600,-0.23051944000,0.04066918400
etaWear,FEAC84C53DE7,1722504643511,2024-08-01T12:30:43.511,20.10000000000,0.97013056000,0.04038772700,-0.23561563000,0.04124036000
etaWear,FEAC84C53DE7,1722504643521,2024-08-01T12:30:43.521,20.11000000000,0.96882500000,0.04049739000,-0.24080016000,0.04187460600
etaWear,FEAC84C53DE7,1722504643531,2024-08-01T12:30:43.531,20.12000000000,0.96746373000,0.04067487300,-0.24606732000,0.04254701400
etaWear,FEAC84C53DE7,1722504643541,2024-08-01T12:30:43.541,20.13000000000,0.96606820000,0.04088632000,-0.25133887000,0.04323624000
etaWear,FEAC84C53DE7,1722504643551,2024-08-01T12:30:43.551,20.14000000000,0.96458340000,0.04117489600,-0.25680630000,0.04397784000
etaWear,FEAC84C53DE7,1722504643561,2024-08-01T12:30:43.561,20.15000000000,0.96303517000,0.04153105200,-0.26236457000,0.04475795000
etaWear,FEAC84C53DE7,1722504643571,2024-08-01T12:30:43.571,20.16000000000,0.96140500000,0.04194790000,-0.26807850000,0.04554953400
etaWear,FEAC84C53DE7,1722504643581,2024-08-01T12:30:43.581,20.17000000000,0.95968230000,0.04241866000,-0.27397300000,0.04636031400
etaWear,FEAC84C53DE7,1722504643591,2024-08-01T12:30:43.591,20.18000000000,0.95788634000,0.04296601000,-0.27996460000,0.04719609800
etaWear,FEAC84C53DE7,1722504643601,2024-08-01T12:30:43.601,20.19000000000,0.95606710000,0.04350470000,-0.28589857000,0.04801165700
etaWear,FEAC84C53DE7,1722504643611,2024-08-01T12:30:43.611,20.20000000000,0.95413700000,0.04401018000,-0.29206336000,0.04883274400
etaWear,FEAC84C53DE7,1722504643621,2024-08-01T12:30:43.621,20.21000000000,0.95222867000,0.04447869000,-0.29802677000,0.04962132500
etaWear,FEAC84C53DE7,1722504643631,2024-08-01T12:30:43.631,20.22000000000,0.95025780000,0.04494554500,-0.30405086000,0.05042807000
etaWear,FEAC84C53DE7,1722504643641,2024-08-01T12:30:43.641,20.23000000000,0.94825700000,0.04536942000,-0.31004015000,0.05123773600
etaWear,FEAC84C53DE7,1722504643651,2024-08-01T12:30:43.651,20.24000000000,0.94622976000,0.04573830000,-0.31598982000,0.05203543600
etaWear,FEAC84C53DE7,1722504643661,2024-08-01T12:30:43.661,20.25000000000,0.94418770000,0.04608657000,-0.32185847000,0.05284604800
etaWear,FEAC84C53DE7,1722504643671,2024-08-01T12:30:43.671,20.26000000000,0.94217090000,0.04643707300,-0.32753270000,0.05366450000
etaWear,FEAC84C53DE7,1722504643681,2024-08-01T12:30:43.681,20.27000000000,0.94010300000,0.04676770800,-0.33324307000,0.05448077200
etaWear,FEAC84C53DE7,1722504643691,2024-08-01T12:30:43.691,20.28000000000,0.93801624000,0.04707741700,-0.33889760000,0.05529691700
etaWear,FEAC84C53DE7,1722504643701,2024-08-01T12:30:43.701,20.29000000000,0.93590680000,0.04741405000,-0.34449852000,0.05613536000
etaWear,FEAC84C53DE7,1722504643951,2024-08-01T12:30:43.951,20.54000000000,0.86105794000,0.05507343600,-0.49952736000,0.07757909600
etaWear,FEAC84C53DE7,1722504643961,2024-08-01T12:30:43.961,20.55000000000,0.85797810000,0.05521170000,-0.50470513000,0.07808985000
etaWear,FEAC84C53DE7,1722504643971,2024-08-01T12:30:43.971,20.56000000000,0.85498524000,0.05534191000,-0.50967383000,0.07854974000
etaWear,FEAC84C53DE7,1722504643981,2024-08-01T12:30:43.981,20.57000000000,0.85205513000,0.05543749400,-0.51448770000,0.07893707600
etaWear,FEAC84C53DE7,1722504643991,2024-08-01T12:30:43.991,20.58000000000,0.84914260000,0.05554228600,-0.51921610000,0.07928772000
etaWear,FEAC84C53DE7,1722504644001,2024-08-01T12:30:44.001,20.59000000000,0.84620150000,0.05568830300,-0.52392440000,0.07965603000
etaWear,FEAC84C53DE7,1722504644011,2024-08-01T12:30:44.011,20.60000000000,0.84327215000,0.05582699000,-0.52855647000,0.08002213000
etaWear,FEAC84C53DE7,1722504644021,2024-08-01T12:30:44.021,20.61000000000,0.84026766000,0.05588057300,-0.53326760000,0.08033256000
etaWear,FEAC84C53DE7,1722504644031,2024-08-01T12:30:44.031,20.62000000000,0.83716690000,0.05583439800,-0.53809480000,0.08054788400
etaWear,FEAC84C53DE7,1722504644041,2024-08-01T12:30:44.041,20.63000000000,0.83403520000,0.05580947000,-0.54291000000,0.08074247000
etaWear,FEAC84C53DE7,1722504644051,2024-08-01T12:30:44.051,20.64000000000,0.83075160000,0.05581059000,-0.54789620000,0.08091208000
etaWear,FEAC84C53DE7,1722504644061,2024-08-01T12:30:44.061,20.65000000000,0.82750650000,0.05582769200,-0.55276490000,0.08103887000
etaWear,FEAC84C53DE7,1722504644071,2024-08-01T12:30:44.071,20.66000000000,0.82421374000,0.05584348000,-0.55764900000,0.08112257000
etaWear,FEAC84C53DE7,1722504644081,2024-08-01T12:30:44.081,20.67000000000,0.82091830000,0.05585389200,-0.56248784000,0.08112242000
etaWear,FEAC84C53DE7,1722504644091,2024-08-01T12:30:44.091,20.68000000000,0.81757987000,0.05592344000,-0.56732744000,0.08108795400
etaWear,FEAC84C53DE7,1722504644101,2024-08-01T12:30:44.101,20.69000000000,0.81416590000,0.05614324300,-0.57218870000,0.08112947000
etaWear,FEAC84C53DE7,1722504644111,2024-08-01T12:30:44.111,20.70000000000,0.81063080000,0.05648214700,-0.57712960000,0.08129531000
etaWear,FEAC84C53DE7,1722504644121,2024-08-01T12:30:44.121,20.71000000000,0.80694650000,0.05679928500,-0.58220786000,0.08151791000
etaWear,FEAC84C53DE7,1722504644131,2024-08-01T12:30:44.131,20.72000000000,0.80282700000,0.05686180300,-0.58785380000,0.08163003000
etaWear,FEAC84C53DE7,1722504644621,2024-08-01T12:30:44.621,21.21000000000,0.76649580000,0.05153085300,-0.63414870000,0.08765894000
etaWear,FEAC84C53DE7,1722504644631,2024-08-01T12:30:44.631,21.22000000000,0.76700747000,0.05174067600,-0.63349617000,0.08777799000
etaWear,FEAC84C53DE7,1722504644641,2024-08-01T12:30:44.641,21.23000000000,0.76753820000,0.05187463000,-0.63283145000,0.08785552500
etaWear,FEAC84C53DE7,1722504644651,2024-08-01T12:30:44.651,21.24000000000,0.76812360000,0.05197864800,-0.63209940000,0.08794724000
etaWear,FEAC84C53DE7,1722504644661,2024-08-01T12:30:44.661,21.25000000000,0.76875794000,0.05205844700,-0.63130870000,0.08803682000
etaWear,FEAC84C53DE7,1722504644671,2024-08-01T12:30:44.671,21.26000000000,0.76946450000,0.05215917500,-0.63043207000,0.08808641000
etaWear,FEAC84C53DE7,1722504644681,2024-08-01T12:30:44.681,21.27000000000,0.77022064000,0.05227366500,-0.62949680000,0.08809873000
etaWear,FEAC84C53DE7,1722504644691,2024-08-01T12:30:44.691,21.28000000000,0.77102584000,0.05235776300,-0.62851220000,0.08803528500
etaWear,FEAC84C53DE7,1722504644701,2024-08-01T12:30:44.701,21.29000000000,0.77196985000,0.05238944700,-0.62736696000,0.08791233600
etaWear,FEAC84C53DE7,1722504644711,2024-08-01T12:30:44.711,21.30000000000,0.77303900000,0.05242263500,-0.62606580000,0.08777461000
etaWear,FEAC84C53DE7,1722504644721,2024-08-01T12:30:44.721,21.31000000000,0.77419690000,0.05245424800,-0.62465084000,0.08762991400
etaWear,FEAC84C53DE7,1722504644731,2024-08-01T12:30:44.731,21.32000000000,0.77542040000,0.05242917700,-0.62316424000,0.08741104000
etaWear,FEAC84C53DE7,1722504644741,2024-08-01T12:30:44.741,21.33000000000,0.77672935000,0.05237323800,-0.62157240000,0.08715691000
etaWear,FEAC84C53DE7,1722504644751,2024-08-01T12:30:44.751,21.34000000000,0.77812254000,0.05234507500,-0.61986270000,0.08692236000
etaWear,FEAC84C53DE7,1722504644761,2024-08-01T12:30:44.761,21.35000000000,0.77955395000,0.05238371000,-0.61808646000,0.08672212000
etaWear,FEAC84C53DE7,1722504644771,2024-08-01T12:30:44.771,21.36000000000,0.78104687000,0.05242682200,-0.61622610000,0.08650222000
etaWear,FEAC84C53DE7,1722504644621,2024-08-01T12:30:44.621,21.21000000000,0.76649580000,0.05153085300,-0.63414870000,0.08765894000
etaWear,FEAC84C53DE7,1722504644631,2024-08-01T12:30:44.631,21.22000000000,0.76700747000,0.05174067600,-0.63349617000,0.08777799000
etaWear,FEAC84C53DE7,1722504644641,2024-08-01T12:30:44.641,21.23000000000,0.76753820000,0.05187463000,-0.63283145000,0.08785552500
etaWear,FEAC84C53DE7,1722504644651,2024-08-01T12:30:44.651,21.24000000000,0.76812360000,0.05197864800,-0.63209940000,0.08794724000
etaWear,FEAC84C53DE7,1722504644661,2024-08-01T12:30:44.661,21.25000000000,0.76875794000,0.05205844700,-0.63130870000,0.08803682000
etaWear,FEAC84C53DE7,1722504644671,2024-08-01T12:30:44.671,21.26000000000,0.76946450000,0.05215917500,-0.63043207000,0.08808641000
etaWear,FEAC84C53DE7,1722504644681,2024-08-01T12:30:44.681,21.27000000000,0.77022064000,0.05227366500,-0.62949680000,0.08809873000
etaWear,FEAC84C53DE7,1722504644691,2024-08-01T12:30:44.691,21.28000000000,0.77102584000,0.05235776300,-0.62851220000,0.08803528500
etaWear,FEAC84C53DE7,1722504644701,2024-08-01T12:30:44.701,21.29000000000,0.77196985000,0.05238944700,-0.62736696000,0.08791233600
etaWear,FEAC84C53DE7,1722504644711,2024-08-01T12:30:44.711,21.30000000000,0.77303900000,0.05242263500,-0.62606580000,0.08777461000
etaWear,FEAC84C53DE7,1722504644721,2024-08-01T12:30:44.721,21.31000000000,0.77419690000,0.05245424800,-0.62465084000,0.08762991400
etaWear,FEAC84C53DE7,1722504644731,2024-08-01T12:30:44.731,21.32000000000,0.77542040000,0.05242917700,-0.62316424000,0.08741104000
etaWear,FEAC84C53DE7,1722504644741,2024-08-01T12:30:44.741,21.33000000000,0.77672935000,0.05237323800,-0.62157240000,0.08715691000
etaWear,FEAC84C53DE7,1722504644751,2024-08-01T12:30:44.751,21.34000000000,0.77812254000,0.05234507500,-0.61986270000,0.08692236000
etaWear,FEAC84C53DE7,1722504644761,2024-08-01T12:30:44.761,21.35000000000,0.77955395000,0.05238371000,-0.61808646000,0.08672212000
etaWear,FEAC84C53DE7,1722504644771,2024-08-01T12:30:44.771,21.36000000000,0.78104687000,0.05242682200,-0.61622610000,0.08650222000
etaWear,FEAC84C53DE7,1722504644851,2024-08-01T12:30:44.851,21.44000000000,0.79545560000,0.05375554400,-0.59757930000,0.08520382000
etaWear,FEAC84C53DE7,1722504644861,2024-08-01T12:30:44.861,21.45000000000,0.79734970000,0.05404381000,-0.59503174000,0.08514596500
etaWear,FEAC84C53DE7,1722504644871,2024-08-01T12:30:44.871,21.46000000000,0.79929830000,0.05438389000,-0.59238230000,0.08513387000
etaWear,FEAC84C53DE7,1722504644881,2024-08-01T12:30:44.881,21.47000000000,0.80127394000,0.05473902400,-0.58967364000,0.08513985600
etaWear,FEAC84C53DE7,1722504644891,2024-08-01T12:30:44.891,21.48000000000,0.80314785000,0.05507203200,-0.58708670000,0.08514628600
etaWear,FEAC84C53DE7,1722504644901,2024-08-01T12:30:44.901,21.49000000000,0.80502766000,0.05538185700,-0.58447740000,0.08514365600
etaWear,FEAC84C53DE7,1722504644911,2024-08-01T12:30:44.911,21.50000000000,0.80699490000,0.05564971000,-0.58173220000,0.08514659000
etaWear,FEAC84C53DE7,1722504644921,2024-08-01T12:30:44.921,21.51000000000,0.80895376000,0.05590418400,-0.57898170000,0.08513937000
etaWear,FEAC84C53DE7,1722504644931,2024-08-01T12:30:44.931,21.52000000000,0.81084156000,0.05617475000,-0.57630730000,0.08514816000
etaWear,FEAC84C53DE7,1722504644941,2024-08-01T12:30:44.941,21.53000000000,0.81273030000,0.05646743600,-0.57360870000,0.08517022400
etaWear,FEAC84C53DE7,1722504644951,2024-08-01T12:30:44.951,21.54000000000,0.81460590000,0.05673473300,-0.57091510000,0.08517265000
etaWear,FEAC84C53DE7,1722504644961,2024-08-01T12:30:44.961,21.55000000000,0.81645990000,0.05698094000,-0.56823915000,0.08515035000
etaWear,FEAC84C53DE7,1722504644971,2024-08-01T12:30:44.971,21.56000000000,0.81828874000,0.05721933400,-0.56558410000,0.08511209000
etaWear,FEAC84C53DE7,1722504644981,2024-08-01T12:30:44.981,21.57000000000,0.82011086000,0.05745016400,-0.56292390000,0.08505539000
etaWear,FEAC84C53DE7,1722504644991,2024-08-01T12:30:44.991,21.58000000000,0.82177734000,0.05772242700,-0.56048220000,0.08491053400
etaWear,FEAC84C53DE7,1722504645001,2024-08-01T12:30:45.001,21.59000000000,0.82353570000,0.05797838000,-0.55789750000,0.08472213000
etaWear,FEAC84C53DE7,1722504645011,2024-08-01T12:30:45.011,21.60000000000,0.82538325000,0.05823776500,-0.55516744000,0.08449835000
etaWear,FEAC84C53DE7,1722504645021,2024-08-01T12:30:45.021,21.61000000000,0.82726747000,0.05848181600,-0.55236894000,0.08424348400
etaWear,FEAC84C53DE7,1722504645031,2024-08-01T12:30:45.031,21.62000000000,0.82914420000,0.05870690200,-0.54956710000,0.08396108400
etaWear,FEAC84C53DE7,1722504645041,2024-08-01T12:30:45.041,21.63000000000,0.83098510000,0.05889806500,-0.54680413000,0.08366588500
etaWear,FEAC84C53DE7,1722504645051,2024-08-01T12:30:45.051,21.64000000000,0.83288210000,0.05901824700,-0.54395217000,0.08330858500
etaWear,FEAC84C53DE7,1722504645061,2024-08-01T12:30:45.061,21.65000000000,0.83489656000,0.05906304000,-0.54089910000,0.08299097400
etaWear,FEAC84C53DE7,1722504645071,2024-08-01T12:30:45.071,21.66000000000,0.83692604000,0.05910878600,-0.53779850000,0.08266625000
etaWear,FEAC84C53DE7,1722504645081,2024-08-01T12:30:45.081,21.67000000000,0.83898100000,0.05915087500,-0.53463280000,0.08233999500
etaWear,FEAC84C53DE7,1722504645091,2024-08-01T12:30:45.091,21.68000000000,0.84106550000,0.05915637700,-0.53140460000,0.08196635500
etaWear,FEAC84C53DE7,1722504645101,2024-08-01T12:30:45.101,21.69000000000,0.84313846000,0.05912887000,-0.52817434000,0.08156741000
etaWear,FEAC84C53DE7,1722504645111,2024-08-01T12:30:45.111,21.70000000000,0.84527457000,0.05909370000,-0.52482146000,0.08112564000
etaWear,FEAC84C53DE7,1722504645121,2024-08-01T12:30:45.121,21.71000000000,0.84727800000,0.05915456300,-0.52165010000,0.08063523500
etaWear,FEAC84C53DE7,1722504645131,2024-08-01T12:30:45.131,21.72000000000,0.84933096000,0.05924871000,-0.51836660000,0.08014187000
etaWear,FEAC84C53DE7,1722504645141,2024-08-01T12:30:45.141,21.73000000000,0.85144323000,0.05933162600,-0.51496340000,0.07960411000
etaWear,FEAC84C53DE7,1722504645151,2024-08-01T12:30:45.151,21.74000000000,0.85358125000,0.05934479000,-0.51150125000,0.07901705000
etaWear,FEAC84C53DE7,1722504645161,2024-08-01T12:30:45.161,21.75000000000,0.85585815000,0.05932633600,-0.50778560000,0.07836478000
etaWear,FEAC84C53DE7,1722504645171,2024-08-01T12:30:45.171,21.76000000000,0.85813946000,0.05928530000,-0.50402420000,0.07772713000
etaWear,FEAC84C53DE7,1722504645621,2024-08-01T12:30:45.621,22.21000000000,0.93013500000,0.05576931000,-0.35741594000,0.06318579000
etaWear,FEAC84C53DE7,1722504645631,2024-08-01T12:30:45.631,22.22000000000,0.93011117000,0.05569838000,-0.35747734000,0.06325307500
etaWear,FEAC84C53DE7,1722504645641,2024-08-01T12:30:45.641,22.23000000000,0.93005220000,0.05563096700,-0.35762830000,0.06332597000
etaWear,FEAC84C53DE7,1722504645651,2024-08-01T12:30:45.651,22.24000000000,0.92996310000,0.05555567500,-0.35785958000,0.06339371000
etaWear,FEAC84C53DE7,1722504645661,2024-08-01T12:30:45.661,22.25000000000,0.92984265000,0.05546999000,-0.35817385000,0.06346087000
etaWear,FEAC84C53DE7,1722504645671,2024-08-01T12:30:45.671,22.26000000000,0.92970264000,0.05545094200,-0.35852414000,0.06355040000
etaWear,FEAC84C53DE7,1722504645681,2024-08-01T12:30:45.681,22.27000000000,0.92955804000,0.05542689200,-0.35888600000,0.06364405000
etaWear,FEAC84C53DE7,1722504645691,2024-08-01T12:30:45.691,22.28000000000,0.92939520000,0.05548963300,-0.35927397000,0.06377781000
etaWear,FEAC84C53DE7,1722504645701,2024-08-01T12:30:45.701,22.29000000000,0.92922020000,0.05559130800,-0.35968342000,0.06393040000
etaWear,FEAC84C53DE7,1722504645711,2024-08-01T12:30:45.711,22.30000000000,0.92903980000,0.05571783000,-0.36009830000,0.06410879000
MetaWear,FEAC84C53DE7,1722504645721,2024-08-01T12:30:45.721,22.31000000000,0.92885310000,0.05585822500,-0.36052110000,0.06431349000
etaWear,FEAC84C53DE7,1722504645731,2024-08-01T12:30:45.731,22.32000000000,0.92867060000,0.05599429000,-0.36093137000,0.06453117000
etaWear,FEAC84C53DE7,1722504645741,2024-08-01T12:30:45.741,22.33000000000,0.92848260000,0.05615379700,-0.36134428000,0.06478440000
etaWear,FEAC84C53DE7,1722504645751,2024-08-01T12:30:45.751,22.34000000000,0.92828860000,0.05635792400,-0.36175734000,0.06508291500
etaWear,FEAC84C53DE7,1722504645761,2024-08-01T12:30:45.761,22.35000000000,0.92810060000,0.05658162800,-0.36214775000,0.06539756000
etaWear,FEAC84C53DE7,1722504645771,2024-08-01T12:30:45.771,22.36000000000,0.92790960000,0.05685611400,-0.36253127000,0.06574278000
etaWear,FEAC84C53DE7,1722504645781,2024-08-01T12:30:45.781,22.37000000000,0.92770505000,0.05723477500,-0.36292443000,0.06613113000
etaWear,FEAC84C53DE7,1722504645791,2024-08-01T12:30:45.791,22.38000000000,0.92750144000,0.05764154300,-0.36330828000,0.06652476000
etaWear,FEAC84C53DE7,1722504645801,2024-08-01T12:30:45.801,22.39000000000,0.92728870000,0.05804397000,-0.36371260000,0.06692996600
etaWear,FEAC84C53DE7,1722504645811,2024-08-01T12:30:45.811,22.40000000000,0.92708784000,0.05840410700,-0.36409920000,0.06729757000
etaWear,FEAC84C53DE7,1722504645821,2024-08-01T12:30:45.821,22.41000000000,0.92689115000,0.05871749300,-0.36448416000,0.06764853000
etaWear,FEAC84C53DE7,1722504645831,2024-08-01T12:30:45.831,22.42000000000,0.92669990000,0.05898554000,-0.36486706000,0.06797232500
etaWear,FEAC84C53DE7,1722504645841,2024-08-01T12:30:45.841,22.43000000000,0.92651540000,0.05919356300,-0.36524874000,0.06825434400
etaWear,FEAC84C53DE7,1722504645851,2024-08-01T12:30:45.851,22.44000000000,0.92634550000,0.05935998600,-0.36560630000,0.06850064500
etaWear,FEAC84C53DE7,1722504645861,2024-08-01T12:30:45.861,22.45000000000,0.92618600000,0.05952182400,-0.36593777000,0.06874788000
etaWear,FEAC84C53DE7,1722504645871,2024-08-01T12:30:45.871,22.46000000000,0.92603500000,0.05965835600,-0.36625615000,0.06896601000
etaWear,FEAC84C53DE7,1722504645881,2024-08-01T12:30:45.881,22.47000000000,0.92590034000,0.05977180200,-0.36654332000,0.06915028400
etaWear,FEAC84C53DE7,1722504645891,2024-08-01T12:30:45.891,22.48000000000,0.92578580000,0.05986895000,-0.36678750000,0.06930623000
etaWear,FEAC84C53DE7,1722504645901,2024-08-01T12:30:45.901,22.49000000000,0.92568130000,0.05995673700,-0.36701193000,0.06943853000
etaWear,FEAC84C53DE7,1722504645911,2024-08-01T12:30:45.911,22.50000000000,0.92558914000,0.06002272700,-0.36721334000,0.06954530000
etaWear,FEAC84C53DE7,1722504645921,2024-08-01T12:30:45.921,22.51000000000,0.92550160000,0.06002656700,-0.36742120000,0.06960828000
etaWear,FEAC84C53DE7,1722504645931,2024-08-01T12:30:45.931,22.52000000000,0.92541340000,0.06003444300,-0.36763343000,0.06965311000
etaWear,FEAC84C53DE7,1722504645941,2024-08-01T12:30:45.941,22.53000000000,0.92532370000,0.06004665000,-0.36785063000,0.06968751500
etaWear,FEAC84C53DE7,1722504645951,2024-08-01T12:30:45.951,22.54000000000,0.92523740000,0.06005850400,-0.36805850000,0.06972615000
etaWear,FEAC84C53DE7,1722504645961,2024-08-01T12:30:45.961,22.55000000000,0.92515430000,0.06006692300,-0.36825758000,0.06977025400
etaWear,FEAC84C53DE7,1722504645971,2024-08-01T12:30:45.971,22.56000000000,0.92507890000,0.06002032000,-0.36844945000,0.06979760000
etaWear,FEAC84C53DE7,1722504645981,2024-08-01T12:30:45.981,22.57000000000,0.92500790000,0.05992656000,-0.36863863000,0.06982104500
etaWear,FEAC84C53DE7,1722504645991,2024-08-01T12:30:45.991,22.58000000000,0.92494214000,0.05979196400,-0.36882266000,0.06983366600
etaWear,FEAC84C53DE7,1722504646001,2024-08-01T12:30:46.001,22.59000000000,0.92487730000,0.05965379300,-0.36900574000,0.06984361000
etaWear,FEAC84C53DE7,1722504646011,2024-08-01T12:30:46.011,22.60000000000,0.92482250000,0.05956297000,-0.36915025000,0.06988263000
etaWear,FEAC84C53DE7,1722504646021,2024-08-01T12:30:46.021,22.61000000000,0.92478660000,0.05953815000,-0.36922950000,0.06995963000
etaWear,FEAC84C53DE7,1722504646031,2024-08-01T12:30:46.031,22.62000000000,0.92475957000,0.05951264000,-0.36928680000,0.07003627000
etaWear,FEAC84C53DE7,1722504646041,2024-08-01T12:30:46.041,22.63000000000,0.92475307000,0.05948145300,-0.36929178000,0.07012234000
etaWear,FEAC84C53DE7,1722504646051,2024-08-01T12:30:46.051,22.64000000000,0.92474765000,0.05945284700,-0.36929420000,0.07020729000
etaWear,FEAC84C53DE7,1722504646061,2024-08-01T12:30:46.061,22.65000000000,0.92474430000,0.05942732000,-0.36929238000,0.07028270000
etaWear,FEAC84C53DE7,1722504646071,2024-08-01T12:30:46.071,22.66000000000,0.92474204000,0.05939760000,-0.36928722000,0.07036375000
etaWear,FEAC84C53DE7,1722504646081,2024-08-01T12:30:46.081,22.67000000000,0.92474130000,0.05937267000,-0.36928050000,0.07042955000
etaWear,FEAC84C53DE7,1722504646091,2024-08-01T12:30:46.091,22.68000000000,0.92474260000,0.05934908000,-0.36926925000,0.07049164000
etaWear,FEAC84C53DE7,1722504646101,2024-08-01T12:30:46.101,22.69000000000,0.92472300000,0.05938461400,-0.36929798000,0.07056701000
etaWear,FEAC84C53DE7,1722504646111,2024-08-01T12:30:46.111,22.70000000000,0.92469560000,0.05949527800,-0.36934242000,0.07060129000
etaWear,FEAC84C53DE7,1722504646121,2024-08-01T12:30:46.121,22.71000000000,0.92465500000,0.05964587000,-0.36941135000,0.07064576000
MetaWear,FEAC84C53DE7,1722504646551,2024-08-01T12:30:46.551,23.14000000000,0.92167390000,0.06392247000,-0.37543568000,0.07402224000
etaWear,FEAC84C53DE7,1722504646561,2024-08-01T12:30:46.561,23.15000000000,0.92152590000,0.06422648000,-0.37571672000,0.07417426000
etaWear,FEAC84C53DE7,1722504646571,2024-08-01T12:30:46.571,23.16000000000,0.92138730000,0.06448944000,-0.37598094000,0.07432853400
etaWear,FEAC84C53DE7,1722504646581,2024-08-01T12:30:46.581,23.17000000000,0.92125340000,0.06471056000,-0.37624030000,0.07448504000
etaWear,FEAC84C53DE7,1722504646591,2024-08-01T12:30:46.591,23.18000000000,0.92112380000,0.06492649000,-0.37648562000,0.07466061000
etaWear,FEAC84C53DE7,1722504646601,2024-08-01T12:30:46.601,23.19000000000,0.92101040000,0.06514491000,-0.37668473000,0.07486508000
etaWear,FEAC84C53DE7,1722504646611,2024-08-01T12:30:46.611,23.20000000000,0.92091864000,0.06531618000,-0.37683760000,0.07507341000
etaWear,FEAC84C53DE7,1722504646621,2024-08-01T12:30:46.621,23.21000000000,0.92083800000,0.06546250000,-0.37696433000,0.07529880000
etaWear,FEAC84C53DE7,1722504646631,2024-08-01T12:30:46.631,23.22000000000,0.92077035000,0.06558324400,-0.37706128000,0.07553621000
etaWear,FEAC84C53DE7,1722504646641,2024-08-01T12:30:46.641,23.23000000000,0.92073320000,0.06564876400,-0.37709165000,0.07577901000
etaWear,FEAC84C53DE7,1722504646651,2024-08-01T12:30:46.651,23.24000000000,0.92070190000,0.06561294000,-0.37712827000,0.07600792500
etaWear,FEAC84C53DE7,1722504646661,2024-08-01T12:30:46.661,23.25000000000,0.92067087000,0.06556164000,-0.37716323000,0.07625519000
etaWear,FEAC84C53DE7,1722504646671,2024-08-01T12:30:46.671,23.26000000000,0.92064220000,0.06550261400,-0.37719260000,0.07650518000
etaWear,FEAC84C53DE7,1722504646681,2024-08-01T12:30:46.681,23.27000000000,0.92061394000,0.06542955000,-0.37721980000,0.07677314400
etaWear,FEAC84C53DE7,1722504646691,2024-08-01T12:30:46.691,23.28000000000,0.92058784000,0.06534894600,-0.37724320000,0.07704006000
etaWear,FEAC84C53DE7,1722504646701,2024-08-01T12:30:46.701,23.29000000000,0.92053705000,0.06521470000,-0.37734070000,0.07728285000
etaWear,FEAC84C53DE7,1722504646711,2024-08-01T12:30:46.711,23.30000000000,0.92048220000,0.06506300000,-0.37745613000,0.07750002000
etaWear,FEAC84C53DE7,1722504646721,2024-08-01T12:30:46.721,23.31000000000,0.92042017000,0.06492195000,-0.37758780000,0.07771193000
etaWear,FEAC84C53DE7,1722504646731,2024-08-01T12:30:46.731,23.32000000000,0.92035980000,0.06477371000,-0.37772160000,0.07790019000
etaWear,FEAC84C53DE7,1722504646741,2024-08-01T12:30:46.741,23.33000000000,0.92029846000,0.06462502000,-0.37786245000,0.07806679600
etaWear,FEAC84C53DE7,1722504646751,2024-08-01T12:30:46.751,23.34000000000,0.92023784000,0.06448039000,-0.37800637000,0.07820339500
etaWear,FEAC84C53DE7,1722504646761,2024-08-01T12:30:46.761,23.35000000000,0.92017290000,0.06436487000,-0.37815687000,0.07833550000
etaWear,FEAC84C53DE7,1722504646771,2024-08-01T12:30:46.771,23.36000000000,0.92010940000,0.06426121000,-0.37830670000,0.07844263000
etaWear,FEAC84C53DE7,1722504646781,2024-08-01T12:30:46.781,23.37000000000,0.92005515000,0.06416382000,-0.37843510000,0.07853976000
etaWear,FEAC84C53DE7,1722504646791,2024-08-01T12:30:46.791,23.38000000000,0.92000556000,0.06407636000,-0.37855180000,0.07862811500
etaWear,FEAC84C53DE7,1722504646801,2024-08-01T12:30:46.801,23.39000000000,0.91996070000,0.06398876000,-0.37865877000,0.07870974400
etaWear,FEAC84C53DE7,1722504646811,2024-08-01T12:30:46.811,23.40000000000,0.91991430000,0.06390398000,-0.37877014000,0.07878603000
etaWear,FEAC84C53DE7,1722504646821,2024-08-01T12:30:46.821,23.41000000000,0.91986860000,0.06382178000,-0.37888116000,0.07885321000
etaWear,FEAC84C53DE7,1722504646831,2024-08-01T12:30:46.831,23.42000000000,0.91982190000,0.06379025000,-0.37897977000,0.07894779000
etaWear,FEAC84C53DE7,1722504646841,2024-08-01T12:30:46.841,23.43000000000,0.91977376000,0.06375240000,-0.37908070000,0.07905509000
etaWear,FEAC84C53DE7,1722504646851,2024-08-01T12:30:46.851,23.44000000000,0.91972610000,0.06370993000,-0.37917915000,0.07917134500
etaWear,FEAC84C53DE7,1722504646861,2024-08-01T12:30:46.861,23.45000000000,0.91968570000,0.06366689500,-0.37926066000,0.07928534600
MetaWear,FEAC84C53DE7,1722504646871,2024-08-01T12:30:46.871,23.46000000000,0.91964275000,0.06362380000,-0.37934792000,0.07940099400
etaWear,FEAC84C53DE7,1722504646881,2024-08-01T12:30:46.881,23.47000000000,0.91959810000,0.06358324000,-0.37943965000,0.07951141000
etaWear,FEAC84C53DE7,1722504646891,2024-08-01T12:30:46.891,23.48000000000,0.91955674000,0.06354879000,-0.37952572000,0.07960743000
etaWear,FEAC84C53DE7,1722504646901,2024-08-01T12:30:46.901,23.49000000000,0.91951770000,0.06352015600,-0.37960806000,0.07968765500
etaWear,FEAC84C53DE7,1722504646911,2024-08-01T12:30:46.911,23.50000000000,0.91946805000,0.06354566000,-0.37970248000,0.07979033000
etaWear,FEAC84C53DE7,1722504646921,2024-08-01T12:30:46.921,23.51000000000,0.91942000000,0.06358917000,-0.37979048000,0.07988971000
etaWear,FEAC84C53DE7,1722504646931,2024-08-01T12:30:46.931,23.52000000000,0.91938010000,0.06363573000,-0.37986028000,0.07998050000
etaWear,FEAC84C53DE7,1722504646941,2024-08-01T12:30:46.941,23.53000000000,0.91934130000,0.06372549000,-0.37992108000,0.08006586000
etaWear,FEAC84C53DE7,1722504646951,2024-08-01T12:30:46.951,23.54000000000,0.91932535000,0.06386927500,-0.37992440000,0.08011890000
etaWear,FEAC84C53DE7,1722504646961,2024-08-01T12:30:46.961,23.55000000000,0.91930866000,0.06401156000,-0.37993157000,0.08016270400
etaWear,FEAC84C53DE7,1722504646971,2024-08-01T12:30:46.971,23.56000000000,0.91929346000,0.06412516000,-0.37994558000,0.08018034000
etaWear,FEAC84C53DE7,1722504646981,2024-08-01T12:30:46.981,23.57000000000,0.91928020000,0.06417076000,-0.37997380000,0.08016230000
etaWear,FEAC84C53DE7,1722504646991,2024-08-01T12:30:46.991,23.58000000000,0.91929746000,0.06412804000,-0.37994856000,0.08011796000
etaWear,FEAC84C53DE7,1722504647001,2024-08-01T12:30:47.001,23.59000000000,0.91933100000,0.06403480500,-0.37989506000,0.08006187000
etaWear,FEAC84C53DE7,1722504647011,2024-08-01T12:30:47.011,23.60000000000,0.91937554000,0.06390100000,-0.37982348000,0.07999710000
etaWear,FEAC84C53DE7,1722504647021,2024-08-01T12:30:47.021,23.61000000000,0.91942006000,0.06373797000,-0.37975767000,0.07992793000
etaWear,FEAC84C53DE7,1722504647031,2024-08-01T12:30:47.031,23.62000000000,0.91946644000,0.06357315000,-0.37968647000,0.07986334000
etaWear,FEAC84C53DE7,1722504647041,2024-08-01T12:30:47.041,23.63000000000,0.91951690000,0.06342166000,-0.37960120000,0.07980797000
etaWear,FEAC84C53DE7,1722504647051,2024-08-01T12:30:47.051,23.64000000000,0.91957730000,0.06326280500,-0.37949294000,0.07975397000
etaWear,FEAC84C53DE7,1722504647061,2024-08-01T12:30:47.061,23.65000000000,0.91963720000,0.06312179000,-0.37938046000,0.07970851000
etaWear,FEAC84C53DE7,1722504647071,2024-08-01T12:30:47.071,23.66000000000,0.91969620000,0.06300428500,-0.37926438000,0.07967327500
etaWear,FEAC84C53DE7,1722504647081,2024-08-01T12:30:47.081,23.67000000000,0.91975400000,0.06292177000,-0.37914220000,0.07965273000
etaWear,FEAC84C53DE7,1722504647091,2024-08-01T12:30:47.091,23.68000000000,0.91980827000,0.06284825000,-0.37902650000,0.07963510000
etaWear,FEAC84C53DE7,1722504647101,2024-08-01T12:30:47.101,23.69000000000,0.91985390000,0.06278601000,-0.37892914000,0.07962017000
etaWear,FEAC84C53DE7,1722504647111,2024-08-01T12:30:47.111,23.70000000000,0.91989106000,0.06277783000,-0.37883905000,0.07962628500
etaWear,FEAC84C53DE7,1722504647121,2024-08-01T12:30:47.121,23.71000000000,0.91991550000,0.06277278000,-0.37877977000,0.07962991000
etaWear,FEAC84C53DE7,1722504647131,2024-08-01T12:30:47.131,23.72000000000,0.91991776000,0.06277153000,-0.37877437000,0.07963025600
etaWear,FEAC84C53DE7,1722504647141,2024-08-01T12:30:47.141,23.73000000000,0.91991540000,0.06282767000,-0.37876582000,0.07965399000
etaWear,FEAC84C53DE7,1722504647151,2024-08-01T12:30:47.151,23.74000000000,0.91990730000,0.06287893000,-0.37875718000,0.07974876000
etaWear,FEAC84C53DE7,1722504647161,2024-08-01T12:30:47.161,23.75000000000,0.91990020000,0.06291801000,-0.37874776000,0.07984452000
etaWear,FEAC84C53DE7,1722504647171,2024-08-01T12:30:47.171,23.76000000000,0.91985780000,0.06298361000,-0.37881792000,0.07994843000
etaWear,FEAC84C53DE7,1722504647181,2024-08-01T12:30:47.181,23.77000000000,0.91981070000,0.06307487000,-0.37888917000,0.08008087000
etaWear,FEAC84C53DE7,1722504647191,2024-08-01T12:30:47.191,23.78000000000,0.91976390000,0.06316712500,-0.37895700000,0.08022425000
etaWear,FEAC84C53DE7,1722504647201,2024-08-01T12:30:47.201,23.79000000000,0.91970460000,0.06326264000,-0.37905252000,0.08037773500
etaWear,FEAC84C53DE7,1722504647211,2024-08-01T12:30:47.211,23.80000000000,0.91963845000,0.06334561000,-0.37916392000,0.08054385000
etaWear,FEAC84C53DE7,1722504647221,2024-08-01T12:30:47.221,23.81000000000,0.91957560000,0.06336899000,-0.37928104000,0.08069066000
etaWear,FEAC84C53DE7,1722504647231,2024-08-01T12:30:47.231,23.82000000000,0.91950730000,0.06333380000,-0.37942618000,0.08081318400
etaWear,FEAC84C53DE7,1722504647241,2024-08-01T12:30:47.241,23.83000000000,0.91943170000,0.06334291400,-0.37957550000,0.08096534000
etaWear,FEAC84C53DE7,1722504647251,2024-08-01T12:30:47.251,23.84000000000,0.91935617000,0.06336814000,-0.37972230000,0.08111478400
etaWear,FEAC84C53DE7,1722504647261,2024-08-01T12:30:47.261,23.85000000000,0.91928140000,0.06339816000,-0.37986857000,0.08125422000
etaWear,FEAC84C53DE7,1722504647271,2024-08-01T12:30:47.271,23.86000000000,0.91920970000,0.06342766400,-0.38001296000,0.08136748000
etaWear,FEAC84C53DE7,1722504647281,2024-08-01T12:30:47.281,23.87000000000,0.91914606000,0.06340403000,-0.38015148000,0.08145757000
etaWear,FEAC84C53DE7,1722504647291,2024-08-01T12:30:47.291,23.88000000000,0.91909087000,0.06338215000,-0.38026926000,0.08154781000
etaWear,FEAC84C53DE7,1722504647301,2024-08-01T12:30:47.301,23.89000000000,0.91904300000,0.06336751000,-0.38037115000,0.08162348000
etaWear,FEAC84C53DE7,1722504647311,2024-08-01T12:30:47.311,23.90000000000,0.91900414000,0.06336048000,-0.38045403000,0.08168062000
etaWear,FEAC84C53DE7,1722504647321,2024-08-01T12:30:47.321,23.91000000000,0.91896890000,0.06335626000,-0.38052967000,0.08172787000
etaWear,FEAC84C53DE7,1722504647331,2024-08-01T12:30:47.331,23.92000000000,0.91894084000,0.06334752000,-0.38058868000,0.08177420500
etaWear,FEAC84C53DE7,1722504647341,2024-08-01T12:30:47.341,23.93000000000,0.91893476000,0.06333046000,-0.38059515000,0.08182596000
etaWear,FEAC84C53DE7,1722504647351,2024-08-01T12:30:47.351,23.94000000000,0.91892910000,0.06331437000,-0.38060070000,0.08187593000
etaWear,FEAC84C53DE7,1722504647361,2024-08-01T12:30:47.361,23.95000000000,0.91890097000,0.06335071000,-0.38064897000,0.08193949000
etaWear,FEAC84C53DE7,1722504647681,2024-08-01T12:30:47.681,24.27000000000,0.91649973000,0.06534163000,-0.38536862000,0.08514567500
etaWear,FEAC84C53DE7,1722504647691,2024-08-01T12:30:47.691,24.28000000000,0.91648900000,0.06529295000,-0.38537687000,0.08526146000
etaWear,FEAC84C53DE7,1722504647701,2024-08-01T12:30:47.701,24.29000000000,0.91647730000,0.06524020400,-0.38538580000,0.08538688000
etaWear,FEAC84C53DE7,1722504647711,2024-08-01T12:30:47.711,24.30000000000,0.91646427000,0.06518137500,-0.38539577000,0.08552678000
etaWear,FEAC84C53DE7,1722504647721,2024-08-01T12:30:47.721,24.31000000000,0.91646830000,0.06510384400,-0.38535985000,0.08570387000
etaWear,FEAC84C53DE7,1722504647731,2024-08-01T12:30:47.731,24.32000000000,0.91647935000,0.06500985500,-0.38530222000,0.08591644500
etaWear,FEAC84C53DE7,1722504647741,2024-08-01T12:30:47.741,24.33000000000,0.91649310000,0.06491273000,-0.38523677000,0.08613521000
etaWear,FEAC84C53DE7,1722504647751,2024-08-01T12:30:47.751,24.34000000000,0.91649030000,0.06489399000,-0.38518724000,0.08640052000
etaWear,FEAC84C53DE7,1722504647761,2024-08-01T12:30:47.761,24.35000000000,0.91646190000,0.06488148000,-0.38519580000,0.08667339000
etaWear,FEAC84C53DE7,1722504647771,2024-08-01T12:30:47.771,24.36000000000,0.91644080000,0.06478821000,-0.38521144000,0.08689528000
etaWear,FEAC84C53DE7,1722504647781,2024-08-01T12:30:47.781,24.37000000000,0.91642195000,0.06470463000,-0.38522550000,0.08709413000
etaWear,FEAC84C53DE7,1722504647791,2024-08-01T12:30:47.791,24.38000000000,0.91640590000,0.06463366000,-0.38523743000,0.08726296000
etaWear,FEAC84C53DE7,1722504647801,2024-08-01T12:30:47.801,24.39000000000,0.91636604000,0.06458939600,-0.38531345000,0.08737878500
etaWear,FEAC84C53DE7,1722504647811,2024-08-01T12:30:47.811,24.40000000000,0.91632515000,0.06456882000,-0.38540020000,0.08744053000
etaWear,FEAC84C53DE7,1722504647821,2024-08-01T12:30:47.821,24.41000000000,0.91628456000,0.06457802000,-0.38549668000,0.08743373000
etaWear,FEAC84C53DE7,1722504647831,2024-08-01T12:30:47.831,24.42000000000,0.91624600000,0.06458676600,-0.38558832000,0.08742727000
etaWear,FEAC84C53DE7,1722504647841,2024-08-01T12:30:47.841,24.43000000000,0.91622406000,0.06459173600,-0.38564038000,0.08742360000
etaWear,FEAC84C53DE7,1722504647851,2024-08-01T12:30:47.851,24.44000000000,0.91623050000,0.06462015000,-0.38563560000,0.08735608000
etaWear,FEAC84C53DE7,1722504647861,2024-08-01T12:30:47.861,24.45000000000,0.91621780000,0.06466783600,-0.38568150000,0.08725107000
etaWear,FEAC84C53DE7,1722504647951,2024-08-01T12:30:47.951,24.54000000000,0.91569930000,0.06566981000,-0.38726574000,0.08489683000
etaWear,FEAC84C53DE7,1722504647961,2024-08-01T12:30:47.961,24.55000000000,0.91564350000,0.06571424000,-0.38746673000,0.08454624600
etaWear,FEAC84C53DE7,1722504647971,2024-08-01T12:30:47.971,24.56000000000,0.91558040000,0.06570317600,-0.38769236000,0.08420338000
etaWear,FEAC84C53DE7,1722504647981,2024-08-01T12:30:47.981,24.57000000000,0.91550230000,0.06565641000,-0.38794320000,0.08393417000
etaWear,FEAC84C53DE7,1722504647991,2024-08-01T12:30:47.991,24.58000000000,0.91540630000,0.06549477000,-0.38824165000,0.08372623000
etaWear,FEAC84C53DE7,1722504648001,2024-08-01T12:30:48.001,24.59000000000,0.91529440000,0.06520101400,-0.38858914000,0.08356655000
etaWear,FEAC84C53DE7,1722504648011,2024-08-01T12:30:48.011,24.60000000000,0.91516880000,0.06485219000,-0.38896350000,0.08347233400
etaWear,FEAC84C53DE7,1722504648021,2024-08-01T12:30:48.021,24.61000000000,0.91503790000,0.06447265000,-0.38934110000,0.08344167500
etaWear,FEAC84C53DE7,1722504648031,2024-08-01T12:30:48.031,24.62000000000,0.91491485000,0.06406341500,-0.38969934000,0.08343241000
etaWear,FEAC84C53DE7,1722504648041,2024-08-01T12:30:48.041,24.63000000000,0.91479730000,0.06364088500,-0.39004890000,0.08341285600
etaWear,FEAC84C53DE7,1722504648051,2024-08-01T12:30:48.051,24.64000000000,0.91467890000,0.06322010600,-0.39040244000,0.08337642000
etaWear,FEAC84C53DE7,1722504648061,2024-08-01T12:30:48.061,24.65000000000,0.91455640000,0.06286478000,-0.39075850000,0.08332134000
etaWear,FEAC84C53DE7,1722504648071,2024-08-01T12:30:48.071,24.66000000000,0.91444810000,0.06257949000,-0.39109020000,0.08316678000
etaWear,FEAC84C53DE7,1722504648081,2024-08-01T12:30:48.081,24.67000000000,0.91435224000,0.06232002000,-0.39138559000,0.08302688000
etaWear,FEAC84C53DE7,1722504648091,2024-08-01T12:30:48.091,24.68000000000,0.91427260000,0.06216800000,-0.39163515000,0.08284151000
etaWear,FEAC84C53DE7,1722504648101,2024-08-01T12:30:48.101,24.69000000000,0.91420645000,0.06202972700,-0.39185777000,0.08262297500
etaWear,FEAC84C53DE7,1722504648111,2024-08-01T12:30:48.111,24.70000000000,0.91415290000,0.06180376200,-0.39206910000,0.08238027000
etaWear,FEAC84C53DE7,1722504648121,2024-08-01T12:30:48.121,24.71000000000,0.91410655000,0.06145337200,-0.39229187000,0.08209559000
etaWear,FEAC84C53DE7,1722504648131,2024-08-01T12:30:48.131,24.72000000000,0.91405050000,0.06097024300,-0.39256614000,0.08176871400
etaWear,FEAC84C53DE7,1722504648141,2024-08-01T12:30:48.141,24.73000000000,0.91397965000,0.06034611500,-0.39291910000,0.08132681000
etaWear,FEAC84C53DE7,1722504648151,2024-08-01T12:30:48.151,24.74000000000,0.91392030000,0.05979753300,-0.39325230000,0.08078726400
etaWear,FEAC84C53DE7,1722504648161,2024-08-01T12:30:48.161,24.75000000000,0.91391885000,0.05957776300,-0.39339766000,0.08025686400
etaWear,FEAC84C53DE7,1722504648171,2024-08-01T12:30:48.171,24.76000000000,0.91395926000,0.05977654500,-0.39336750000,0.07979505000
etaWear,FEAC84C53DE7,1722504648181,2024-08-01T12:30:48.181,24.77000000000,0.91401610000,0.06020794000,-0.39326130000,0.07934185000
etaWear,FEAC84C53DE7,1722504648591,2024-08-01T12:30:48.591,25.18000000000,0.91256154000,0.06714332000,-0.39413443000,0.08591445000
etaWear,FEAC84C53DE7,1722504648601,2024-08-01T12:30:48.601,25.19000000000,0.91253996000,0.06726473000,-0.39422154000,0.08564881000
etaWear,FEAC84C53DE7,1722504648611,2024-08-01T12:30:48.611,25.20000000000,0.91251130000,0.06736807000,-0.39431885000,0.08542497500
etaWear,FEAC84C53DE7,1722504648621,2024-08-01T12:30:48.621,25.21000000000,0.91247755000,0.06751375000,-0.39441088000,0.08524451400
etaWear,FEAC84C53DE7,1722504648631,2024-08-01T12:30:48.631,25.22000000000,0.91244787000,0.06772131000,-0.39447093000,0.08511940000
etaWear,FEAC84C53DE7,1722504648641,2024-08-01T12:30:48.641,25.23000000000,0.91240174000,0.06800682000,-0.39454293000,0.08505351000
etaWear,FEAC84C53DE7,1722504648651,2024-08-01T12:30:48.651,25.24000000000,0.91233337000,0.06836863600,-0.39464400000,0.08502856000
etaWear,FEAC84C53DE7,1722504648661,2024-08-01T12:30:48.661,25.25000000000,0.91226494000,0.06876431400,-0.39472923000,0.08504639000
etaWear,FEAC84C53DE7,1722504648671,2024-08-01T12:30:48.671,25.26000000000,0.91220640000,0.06915393500,-0.39478686000,0.08509137500
etaWear,FEAC84C53DE7,1722504648681,2024-08-01T12:30:48.681,25.27000000000,0.91214144000,0.06952608000,-0.39486256000,0.08513382000
etaWear,FEAC84C53DE7,1722504648691,2024-08-01T12:30:48.691,25.28000000000,0.91206264000,0.06981949500,-0.39499202000,0.08513757000
etaWear,FEAC84C53DE7,1722504648701,2024-08-01T12:30:48.701,25.29000000000,0.91196750000,0.07007585500,-0.39516756000,0.08513026000
etaWear,FEAC84C53DE7,1722504648711,2024-08-01T12:30:48.711,25.30000000000,0.91184545000,0.07034561000,-0.39539240000,0.08517163000
etaWear,FEAC84C53DE7,1722504648721,2024-08-01T12:30:48.721,25.31000000000,0.91171694000,0.07058594400,-0.39564133000,0.08519243400
etaWear,FEAC84C53DE7,1722504648731,2024-08-01T12:30:48.731,25.32000000000,0.91159130000,0.07083098600,-0.39588174000,0.08521724500
MetaWear,FEAC84C53DE7,1722504648821,2024-08-01T12:30:48.821,25.41000000000,0.91076990000,0.07153340000,-0.39725152000,0.08702046400
etaWear,FEAC84C53DE7,1722504648831,2024-08-01T12:30:48.831,25.42000000000,0.91067594000,0.07133183000,-0.39744788000,0.08727132000
etaWear,FEAC84C53DE7,1722504648841,2024-08-01T12:30:48.841,25.43000000000,0.91058060000,0.07111357000,-0.39765495000,0.08750071000
etaWear,FEAC84C53DE7,1722504648851,2024-08-01T12:30:48.851,25.44000000000,0.91048970000,0.07087649400,-0.39786160000,0.08769981600
etaWear,FEAC84C53DE7,1722504648861,2024-08-01T12:30:48.861,25.45000000000,0.91039790000,0.07058479000,-0.39808553000,0.08787116400
etaWear,FEAC84C53DE7,1722504648871,2024-08-01T12:30:48.871,25.46000000000,0.91030353000,0.07028995000,-0.39831610000,0.08804134000
etaWear,FEAC84C53DE7,1722504648881,2024-08-01T12:30:48.881,25.47000000000,0.91019773000,0.06997224000,-0.39857817000,0.08820050000
etaWear,FEAC84C53DE7,1722504648891,2024-08-01T12:30:48.891,25.48000000000,0.91008073000,0.06955618400,-0.39889163000,0.08832118000
etaWear,FEAC84C53DE7,1722504648901,2024-08-01T12:30:48.901,25.49000000000,0.90993255000,0.06911149000,-0.39928420000,0.08842232000
etaWear,FEAC84C53DE7,1722504648911,2024-08-01T12:30:48.911,25.50000000000,0.90975040000,0.06871194400,-0.39974526000,0.08852361000
etaWear,FEAC84C53DE7,1722504648921,2024-08-01T12:30:48.921,25.51000000000,0.90954137000,0.06832325500,-0.40026647000,0.08861769000
etaWear,FEAC84C53DE7,1722504648931,2024-08-01T12:30:48.931,25.52000000000,0.90933790000,0.06791355500,-0.40078154000,0.08869252000
etaWear,FEAC84C53DE7,1722504648941,2024-08-01T12:30:48.941,25.53000000000,0.90915090000,0.06752556600,-0.40125270000,0.08877641000
etaWear,FEAC84C53DE7,1722504648951,2024-08-01T12:30:48.951,25.54000000000,0.90897470000,0.06710362000,-0.40170148000,0.08887049000
etaWear,FEAC84C53DE7,1722504648961,2024-08-01T12:30:48.961,25.55000000000,0.90882090000,0.06660578400,-0.40211752000,0.08893574000
etaWear,FEAC84C53DE7,1722504648971,2024-08-01T12:30:48.971,25.56000000000,0.90868420000,0.06611052000,-0.40249497000,0.08899552400
etaWear,FEAC84C53DE7,1722504648981,2024-08-01T12:30:48.981,25.57000000000,0.90855120000,0.06561526000,-0.40285950000,0.08906936000
etaWear,FEAC84C53DE7,1722504648991,2024-08-01T12:30:48.991,25.58000000000,0.90842503000,0.06508788500,-0.40322120000,0.08910825000
etaWear,FEAC84C53DE7,1722504649001,2024-08-01T12:30:49.001,25.59000000000,0.90830340000,0.06454031000,-0.40358300000,0.08910753000
etaWear,FEAC84C53DE7,1722504649011,2024-08-01T12:30:49.011,25.60000000000,0.90816766000,0.06404327600,-0.40396968000,0.08909883000
etaWear,FEAC84C53DE7,1722504649021,2024-08-01T12:30:49.021,25.61000000000,0.90802730000,0.06358883500,-0.40436720000,0.08905038000
etaWear,FEAC84C53DE7,1722504649031,2024-08-01T12:30:49.031,25.62000000000,0.90789120000,0.06322563000,-0.40474160000,0.08899559000
etaWear,FEAC84C53DE7,1722504649231,2024-08-01T12:30:49.231,25.82000000000,0.90674130000,0.06612094000,-0.40718514000,0.08745551000
etaWear,FEAC84C53DE7,1722504649241,2024-08-01T12:30:49.241,25.83000000000,0.90663930000,0.06634830000,-0.40747300000,0.08699982600
etaWear,FEAC84C53DE7,1722504649251,2024-08-01T12:30:49.251,25.84000000000,0.90649190000,0.06654693000,-0.40788284000,0.08646106000
etaWear,FEAC84C53DE7,1722504649261,2024-08-01T12:30:49.261,25.85000000000,0.90631790000,0.06661137000,-0.40839013000,0.08583797000
etaWear,FEAC84C53DE7,1722504649271,2024-08-01T12:30:49.271,25.86000000000,0.90609825000,0.06648748000,-0.40904358000,0.08513984000
etaWear,FEAC84C53DE7,1722504649281,2024-08-01T12:30:49.281,25.87000000000,0.90584280000,0.06616954000,-0.40981450000,0.08439456000
etaWear,FEAC84C53DE7,1722504649291,2024-08-01T12:30:49.291,25.88000000000,0.90557295000,0.06575070000,-0.41063560000,0.08362307400
etaWear,FEAC84C53DE7,1722504649301,2024-08-01T12:30:49.301,25.89000000000,0.90529230000,0.06530011400,-0.41148326000,0.08284511000
etaWear,FEAC84C53DE7,1722504649311,2024-08-01T12:30:49.311,25.90000000000,0.90501904000,0.06481448600,-0.41231352000,0.08208015600
etaWear,FEAC84C53DE7,1722504649321,2024-08-01T12:30:49.321,25.91000000000,0.90475050000,0.06439047000,-0.41311342000,0.08134867000
etaWear,FEAC84C53DE7,1722504649331,2024-08-01T12:30:49.331,25.92000000000,0.90448310000,0.06399691000,-0.41390055000,0.08062930400
etaWear,FEAC84C53DE7,1722504649341,2024-08-01T12:30:49.341,25.93000000000,0.90420020000,0.06362420000,-0.41471088000,0.07992986000
etaWear,FEAC84C53DE7,1722504649351,2024-08-01T12:30:49.351,25.94000000000,0.90392035000,0.06325299000,-0.41550228000,0.07927801000
etaWear,FEAC84C53DE7,1722504649361,2024-08-01T12:30:49.361,25.95000000000,0.90364350000,0.06289849400,-0.41627124000,0.07868010600
etaWear,FEAC84C53DE7,1722504649371,2024-08-01T12:30:49.371,25.96000000000,0.90336460000,0.06255559600,-0.41702960000,0.07813737000
etaWear,FEAC84C53DE7,1722504649381,2024-08-01T12:30:49.381,25.97000000000,0.90309286000,0.06223981500,-0.41775330000,0.07766341400
etaWear,FEAC84C53DE7,1722504649391,2024-08-01T12:30:49.391,25.98000000000,0.90283084000,0.06194254000,-0.41844478000,0.07722445600
etaWear,FEAC84C53DE7,1722504649401,2024-08-01T12:30:49.401,25.99000000000,0.90257376000,0.06164618200,-0.41911757000,0.07681740000
etaWear,FEAC84C53DE7,1722504649411,2024-08-01T12:30:49.411,26.00000000000,0.90231450000,0.06139205800,-0.41977525000,0.07647432400
etaWear,FEAC84C53DE7,1722504649421,2024-08-01T12:30:49.421,26.01000000000,0.90207136000,0.06119827000,-0.42037433000,0.07620627400
etaWear,FEAC84C53DE7,1722504649431,2024-08-01T12:30:49.431,26.02000000000,0.90185827000,0.06101179000,-0.42089975000,0.07597744500
etaWear,FEAC84C53DE7,1722504649441,2024-08-01T12:30:49.441,26.03000000000,0.90166074000,0.06085597400,-0.42137710000,0.07580199000
etaWear,FEAC84C53DE7,1722504649451,2024-08-01T12:30:49.451,26.04000000000,0.90148985000,0.06072619000,-0.42177853000,0.07570506000
etaWear,FEAC84C53DE7,1722504649501,2024-08-01T12:30:49.501,26.09000000000,0.90072380000,0.06050488700,-0.42342237000,0.07582359000
etaWear,FEAC84C53DE7,1722504649511,2024-08-01T12:30:49.511,26.10000000000,0.90055610000,0.06047668700,-0.42376600000,0.07592012000
etaWear,FEAC84C53DE7,1722504649521,2024-08-01T12:30:49.521,26.11000000000,0.90037680000,0.06053293000,-0.42411754000,0.07603682600
etaWear,FEAC84C53DE7,1722504649531,2024-08-01T12:30:49.531,26.12000000000,0.90019140000,0.06060996300,-0.42448060000,0.07614568000
etaWear,FEAC84C53DE7,1722504649541,2024-08-01T12:30:49.541,26.13000000000,0.89999670000,0.06074747000,-0.42485082000,0.07627206000
etaWear,FEAC84C53DE7,1722504649551,2024-08-01T12:30:49.551,26.14000000000,0.89980376000,0.06095420200,-0.42520043000,0.07643691000
etaWear,FEAC84C53DE7,1722504649561,2024-08-01T12:30:49.561,26.15000000000,0.89962160000,0.06117290300,-0.42552644000,0.07658949500
etaWear,FEAC84C53DE7,1722504649571,2024-08-01T12:30:49.571,26.16000000000,0.89943330000,0.06139637500,-0.42586648000,0.07673252400
etaWear,FEAC84C53DE7,1722504649581,2024-08-01T12:30:49.581,26.17000000000,0.89923674000,0.06168552000,-0.42620748000,0.07691078000
etaWear,FEAC84C53DE7,1722504649591,2024-08-01T12:30:49.591,26.18000000000,0.89904820000,0.06198630500,-0.42652800000,0.07709749000
etaWear,FEAC84C53DE7,1722504649601,2024-08-01T12:30:49.601,26.19000000000,0.89885920000,0.06227461600,-0.42685210000,0.07727274000
etaWear,FEAC84C53DE7,1722504649611,2024-08-01T12:30:49.611,26.20000000000,0.89865590000,0.06259689000,-0.42719920000,0.07746044000
etaWear,FEAC84C53DE7,1722504649621,2024-08-01T12:30:49.621,26.21000000000,0.89842910000,0.06300910600,-0.42756993000,0.07771116000
etaWear,FEAC84C53DE7,1722504649631,2024-08-01T12:30:49.631,26.22000000000,0.89818823000,0.06344367600,-0.42795795000,0.07800436000
etaWear,FEAC84C53DE7,1722504649641,2024-08-01T12:30:49.641,26.23000000000,0.89794080000,0.06380724000,-0.42837220000,0.07828264000
etaWear,FEAC84C53DE7,1722504649651,2024-08-01T12:30:49.651,26.24000000000,0.89768180000,0.06414534000,-0.42880753000,0.07859287000
etaWear,FEAC84C53DE7,1722504649661,2024-08-01T12:30:49.661,26.25000000000,0.89742136000,0.06449936000,-0.42923560000,0.07894051000
etaWear,FEAC84C53DE7,1722504649671,2024-08-01T12:30:49.671,26.26000000000,0.89716450000,0.06480650000,-0.42966345000,0.07927948000
etaWear,FEAC84C53DE7,1722504649681,2024-08-01T12:30:49.681,26.27000000000,0.89690375000,0.06505314000,-0.43010760000,0.07961812600
etaWear,FEAC84C53DE7,1722504649691,2024-08-01T12:30:49.691,26.28000000000,0.89664820000,0.06528957000,-0.43054137000,0.07995889000
etaWear,FEAC84C53DE7,1722504649701,2024-08-01T12:30:49.701,26.29000000000,0.89638900000,0.06553832000,-0.43097752000,0.08031046400
etaWear,FEAC84C53DE7,1722504649711,2024-08-01T12:30:49.711,26.30000000000,0.89613410000,0.06571205000,-0.43142512000,0.08060893000
etaWear,FEAC84C53DE7,1722504649721,2024-08-01T12:30:49.721,26.31000000000,0.89588153000,0.06584421000,-0.43188350000,0.08085494500
etaWear,FEAC84C53DE7,1722504649731,2024-08-01T12:30:49.731,26.32000000000,0.89563745000,0.06594745000,-0.43233576000,0.08105615500
etaWear,FEAC84C53DE7,1722504649961,2024-08-01T12:30:49.961,26.55000000000,0.89249880000,0.06279657000,-0.43913448000,0.08162968000
etaWear,FEAC84C53DE7,1722504649971,2024-08-01T12:30:49.971,26.56000000000,0.89246720000,0.06251779000,-0.43923056000,0.08167203000
etaWear,FEAC84C53DE7,1722504649981,2024-08-01T12:30:49.981,26.57000000000,0.89245900000,0.06223639000,-0.43927595000,0.08173311000
etaWear,FEAC84C53DE7,1722504649991,2024-08-01T12:30:49.991,26.58000000000,0.89243007000,0.06194577000,-0.43936715000,0.08178006000
etaWear,FEAC84C53DE7,1722504650001,2024-08-01T12:30:50.001,26.59000000000,0.89239830000,0.06165980500,-0.43946162000,0.08183406000
etaWear,FEAC84C53DE7,1722504650011,2024-08-01T12:30:50.011,26.60000000000,0.89238554000,0.06142129000,-0.43950695000,0.08190940000
etaWear,FEAC84C53DE7,1722504650021,2024-08-01T12:30:50.021,26.61000000000,0.89237124000,0.06121898000,-0.43954750000,0.08199950000
etaWear,FEAC84C53DE7,1722504650031,2024-08-01T12:30:50.031,26.62000000000,0.89235690000,0.06104068500,-0.43958166000,0.08210434000
etaWear,FEAC84C53DE7,1722504650041,2024-08-01T12:30:50.041,26.63000000000,0.89234453000,0.06086639700,-0.43961176000,0.08220709000
etaWear,FEAC84C53DE7,1722504650051,2024-08-01T12:30:50.051,26.64000000000,0.89236176000,0.06064745400,-0.43959206000,0.08228776600
etaWear,FEAC84C53DE7,1722504650061,2024-08-01T12:30:50.061,26.65000000000,0.89235574000,0.06041828500,-0.43962485000,0.08234667000
etaWear,FEAC84C53DE7,1722504650071,2024-08-01T12:30:50.071,26.66000000000,0.89234936000,0.06022738300,-0.43965343000,0.08240099000
etaWear,FEAC84C53DE7,1722504650081,2024-08-01T12:30:50.081,26.67000000000,0.89234050000,0.06007778300,-0.43967927000,0.08246881000
etaWear,FEAC84C53DE7,1722504650091,2024-08-01T12:30:50.091,26.68000000000,0.89232850000,0.05996545000,-0.43970500000,0.08254362000
etaWear,FEAC84C53DE7,1722504650101,2024-08-01T12:30:50.101,26.69000000000,0.89231724000,0.05987072700,-0.43973154000,0.08259310000
etaWear,FEAC84C53DE7,1722504650111,2024-08-01T12:30:50.111,26.70000000000,0.89230310000,0.05983504700,-0.43975360000,0.08265376000
etaWear,FEAC84C53DE7,1722504650121,2024-08-01T12:30:50.121,26.71000000000,0.89229090000,0.05980755000,-0.43977280000,0.08270322500
etaWear,FEAC84C53DE7,1722504650131,2024-08-01T12:30:50.131,26.72000000000,0.89228530000,0.05980643600,-0.43978414000,0.08270401500
etaWear,FEAC84C53DE7,1722504650141,2024-08-01T12:30:50.141,26.73000000000,0.89227980000,0.05980507300,-0.43979552000,0.08270494000
etaWear,FEAC84C53DE7,1722504650151,2024-08-01T12:30:50.151,26.74000000000,0.89227330000,0.05980588500,-0.43980840000,0.08270480000
etaWear,FEAC84C53DE7,1722504650161,2024-08-01T12:30:50.161,26.75000000000,0.89226514000,0.05980812400,-0.43982485000,0.08270404000
etaWear,FEAC84C53DE7,1722504650171,2024-08-01T12:30:50.171,26.76000000000,0.89228800000,0.05980535600,-0.43977824000,0.08270720400
etaWear,FEAC84C53DE7,1722504650181,2024-08-01T12:30:50.181,26.77000000000,0.89230950000,0.05980428300,-0.43973450000,0.08270959600
etaWear,FEAC84C53DE7,1722504650191,2024-08-01T12:30:50.191,26.78000000000,0.89233690000,0.05980456000,-0.43967843000,0.08271159000
