total_metrics:
  number_of_movements: 3
  pace_movements_per_second: 428571.4285714286
  mean_combined_range_degrees: 88.57276695325272
  std_combined_range_degrees: 93.36453044502576
  mean_duration_seconds: 3.333333333333333e-07
  std_duration_seconds: 5.773502691896258e-07

