total_metrics:
  number_of_movements: 10
  pace_movements_per_second: 666666.6666666666
  mean_combined_range_degrees: 123.67427342056537
  std_combined_range_degrees: 66.7082193547574
  mean_duration_seconds: 2e-07
  std_duration_seconds: 4.216370213557839e-07

