total_metrics:
  number_of_movements: 2
  pace_movements_per_second: 142857.14285714287
  mean_combined_range_degrees: 40.84286311842912
  std_combined_range_degrees: 27.223937771911384
  mean_duration_seconds: 1e-06
  std_duration_seconds: 0.0
  acceleration: 111.38423819714238

