Device,MAC,Timestamp,Time(03:00),Elapsed(s),W(number),X(number),Y (number),Z (number)
Device,MAC,Timestamp,Time(03:00),Elapsed(s),W(number),X(number),Y (number),Z (number)
etaWear,FEAC84C53DE7,1728464607983,2024-10-09T12:03:27.983,0.00000000000,0.99781030000,-0.06489359000,0.01278572600,0.00000000000
etaWear,FEAC84C53DE7,1728464607993,2024-10-09T12:03:27.993,0.01000000000,0.99781030000,-0.06489262000,0.01279054300,0.00007440642
etaWear,FEAC84C53DE7,1728464608003,2024-10-09T12:03:28.003,0.02000000000,0.99781030000,-0.06489150000,0.01279361200,0.00012691072
etaWear,FEAC84C53DE7,1728464608013,2024-10-09T12:03:28.013,0.03000000000,0.99781030000,-0.06489043000,0.01279705300,0.00018466782
etaWear,FEAC84C53DE7,1728464608023,2024-10-09T12:03:28.023,0.04000000000,0.99781030000,-0.06488936000,0.01279946600,0.00023712902
etaWear,FEAC84C53DE7,1728464608033,2024-10-09T12:03:28.033,0.05000000000,0.99781050000,-0.06488769500,0.01280138500,0.00028956553
etaWear,FEAC84C53DE7,1728464608043,2024-10-09T12:03:28.043,0.06000000000,0.99781060000,-0.06488587000,0.01280236100,0.00034610670
etaWear,FEAC84C53DE7,1728464608063,2024-10-09T12:03:28.063,0.08000000000,0.99781070000,-0.06488266600,0.01280100000,0.00039834995
etaWear,FEAC84C53DE7,1728464608073,2024-10-09T12:03:28.073,0.09000000000,0.99781430000,-0.06482828000,0.01279762700,0.00039747970
etaWear,FEAC84C53DE7,1728464608083,2024-10-09T12:03:28.083,0.10000000000,0.99781450000,-0.06482615000,0.01279862700,0.00044986310
etaWear,FEAC84C53DE7,1728464608093,2024-10-09T12:03:28.093,0.11000000000,0.99781454000,-0.06482432000,0.01280049300,0.00050229905
etaWear,FEAC84C53DE7,1728464608103,2024-10-09T12:03:28.103,0.12000000000,0.99781460000,-0.06482196600,0.01280318200,0.00056409120
etaWear,FEAC84C53DE7,1728464608113,2024-10-09T12:03:28.113,0.13000000000,0.99781466000,-0.06482030000,0.01280530200,0.00061654150
etaWear,FEAC84C53DE7,1728464608123,2024-10-09T12:03:28.123,0.14000000000,0.99781470000,-0.06481764500,0.01280734400,0.00067945760
etaWear,FEAC84C53DE7,1728464608133,2024-10-09T12:03:28.133,0.15000000000,0.99781470000,-0.06481588000,0.01280965600,0.00073715067
etaWear,FEAC84C53DE7,1728464608143,2024-10-09T12:03:28.143,0.16000000000,0.99781483000,-0.06481422500,0.01281161900,0.00078959076
etaWear,FEAC84C53DE7,1728464608153,2024-10-09T12:03:28.153,0.17000000000,0.99781483000,-0.06481276000,0.01281349400,0.00084202265
etaWear,FEAC84C53DE7,1728464608163,2024-10-09T12:03:28.163,0.18000000000,0.99781483000,-0.06481097000,0.01281539600,0.00089349210
etaWear,FEAC84C53DE7,1728464608173,2024-10-09T12:03:28.173,0.19000000000,0.99781490000,-0.06480987000,0.01281374700,0.00089339910
etaWear,FEAC84C53DE7,1728464608183,2024-10-09T12:03:28.183,0.20000000000,0.99781510000,-0.06480761000,0.01281495200,0.00094579790
etaWear,FEAC84C53DE7,1728464608193,2024-10-09T12:03:28.193,0.21000000000,0.99781520000,-0.06480538000,0.01281547500,0.00099815180
etaWear,FEAC84C53DE7,1728464608203,2024-10-09T12:03:28.203,0.22000000000,0.99781520000,-0.06480355000,0.01281712500,0.00105057380
etaWear,FEAC84C53DE7,1728464608213,2024-10-09T12:03:28.213,0.23000000000,0.99781520000,-0.06480149000,0.01281929700,0.00110303250
etaWear,FEAC84C53DE7,1728464608223,2024-10-09T12:03:28.223,0.24000000000,0.99781525000,-0.06479880000,0.01282152100,0.00116479900
MetaWear,FEAC84C53DE7,1728464608253,2024-10-09T12:03:28.253,0.27000000000,0.99781567000,-0.06478974000,0.01282131500,0.00132177670
etaWear,FEAC84C53DE7,1728464608263,2024-10-09T12:03:28.263,0.28000000000,0.99781590000,-0.06478581000,0.01281992800,0.00137402890
etaWear,FEAC84C53DE7,1728464608273,2024-10-09T12:03:28.273,0.29000000000,0.99781615000,-0.06478282000,0.01281618300,0.00137382440
etaWear,FEAC84C53DE7,1728464608283,2024-10-09T12:03:28.283,0.30000000000,0.99781620000,-0.06477996000,0.01281793100,0.00142626630
etaWear,FEAC84C53DE7,1728464608293,2024-10-09T12:03:28.293,0.31000000000,0.99781626000,-0.06477762000,0.01282041000,0.00148397800
etaWear,FEAC84C53DE7,1728464608303,2024-10-09T12:03:28.303,0.32000000000,0.99781630000,-0.06477486000,0.01282232900,0.00154165890
etaWear,FEAC84C53DE7,1728464608313,2024-10-09T12:03:28.313,0.33000000000,0.99781630000,-0.06477296000,0.01282490500,0.00159414200
etaWear,FEAC84C53DE7,1728464608323,2024-10-09T12:03:28.323,0.34000000000,0.99781630000,-0.06477164500,0.01282771600,0.00164663300
etaWear,FEAC84C53DE7,1728464608333,2024-10-09T12:03:28.333,0.35000000000,0.99781640000,-0.06476940000,0.01282888100,0.00169806090
etaWear,FEAC84C53DE7,1728464608343,2024-10-09T12:03:28.343,0.36000000000,0.99781640000,-0.06476639000,0.01283076500,0.00175574270
etaWear,FEAC84C53DE7,1728464608353,2024-10-09T12:03:28.353,0.37000000000,0.99781640000,-0.06476402000,0.01283339900,0.00180823580
etaWear,FEAC84C53DE7,1728464608363,2024-10-09T12:03:28.363,0.38000000000,0.99781650000,-0.06476135600,0.01283584800,0.00186595030
etaWear,FEAC84C53DE7,1728464608373,2024-10-09T12:03:28.373,0.39000000000,0.99781650000,-0.06475855000,0.01283735100,0.00192360510
etaWear,FEAC84C53DE7,1728464608383,2024-10-09T12:03:28.383,0.40000000000,0.99781660000,-0.06475545000,0.01283826800,0.00197599640
etaWear,FEAC84C53DE7,1728464608393,2024-10-09T12:03:28.393,0.41000000000,0.99781674000,-0.06475220600,0.01283896200,0.00202740700
etaWear,FEAC84C53DE7,1728464608403,2024-10-09T12:03:28.403,0.42000000000,0.99781680000,-0.06474845000,0.01284062000,0.00208577120
etaWear,FEAC84C53DE7,1728464608413,2024-10-09T12:03:28.413,0.43000000000,0.99781690000,-0.06474432000,0.01284280200,0.00214242210
etaWear,FEAC84C53DE7,1728464608423,2024-10-09T12:03:28.423,0.44000000000,0.99781704000,-0.06473964500,0.01284412100,0.00219486030
etaWear,FEAC84C53DE7,1728464608433,2024-10-09T12:03:28.433,0.45000000000,0.99781720000,-0.06473631000,0.01284551300,0.00224728580
etaWear,FEAC84C53DE7,1728464608443,2024-10-09T12:03:28.443,0.46000000000,0.99781734000,-0.06473283500,0.01284580500,0.00229964170
etaWear,FEAC84C53DE7,1728464608453,2024-10-09T12:03:28.453,0.47000000000,0.99781734000,-0.06473047000,0.01284700900,0.00235107400
etaWear,FEAC84C53DE7,1728464608463,2024-10-09T12:03:28.463,0.48000000000,0.99781734000,-0.06472830500,0.01284898200,0.00240352200
etaWear,FEAC84C53DE7,1728464608473,2024-10-09T12:03:28.473,0.49000000000,0.99781730000,-0.06472618000,0.01285162400,0.00246124180
etaWear,FEAC84C53DE7,1728464608483,2024-10-09T12:03:28.483,0.50000000000,0.99781720000,-0.06472444000,0.01285369000,0.00251369020
etaWear,FEAC84C53DE7,1728464608523,2024-10-09T12:03:28.523,0.54000000000,0.99781740000,-0.06472005000,0.01284914100,0.00256574430
etaWear,FEAC84C53DE7,1728464608533,2024-10-09T12:03:28.533,0.55000000000,0.99781760000,-0.06471892000,0.01284754650,0.00256565600
etaWear,FEAC84C53DE7,1728464608543,2024-10-09T12:03:28.543,0.56000000000,0.99781780000,-0.06471630000,0.01284513400,0.00256553390
etaWear,FEAC84C53DE7,1728464608553,2024-10-09T12:03:28.553,0.57000000000,0.99781793000,-0.06471404400,0.01284330150,0.00256544440
etaWear,FEAC84C53DE7,1728464608563,2024-10-09T12:03:28.563,0.58000000000,0.99781805000,-0.06471247000,0.01284241100,0.00256540720
etaWear,FEAC84C53DE7,1728464608573,2024-10-09T12:03:28.573,0.59000000000,0.99781820000,-0.06471065000,0.01284101800,0.00256534060
etaWear,FEAC84C53DE7,1728464608583,2024-10-09T12:03:28.583,0.60000000000,0.99781830000,-0.06470863000,0.01283890500,0.00256523000
etaWear,FEAC84C53DE7,1728464608593,2024-10-09T12:03:28.593,0.61000000000,0.99781840000,-0.06470686000,0.01283708900,0.00256513520
etaWear,FEAC84C53DE7,1728464608603,2024-10-09T12:03:28.603,0.62000000000,0.99781850000,-0.06470508000,0.01283573000,0.00256507030
etaWear,FEAC84C53DE7,1728464608613,2024-10-09T12:03:28.613,0.63000000000,0.99781860000,-0.06470408000,0.01283436600,0.00256499490
etaWear,FEAC84C53DE7,1728464608623,2024-10-09T12:03:28.623,0.64000000000,0.99781877000,-0.06470284000,0.01283236700,0.00256488170
etaWear,FEAC84C53DE7,1728464608633,2024-10-09T12:03:28.633,0.65000000000,0.99781880000,-0.06470170000,0.01283069900,0.00256478860
etaWear,FEAC84C53DE7,1728464608643,2024-10-09T12:03:28.643,0.66000000000,0.99781890000,-0.06470062600,0.01282969000,0.00256473700
etaWear,FEAC84C53DE7,1728464608653,2024-10-09T12:03:28.653,0.67000000000,0.99781907000,-0.06469843000,0.01282716300,0.00256460180
etaWear,FEAC84C53DE7,1728464608663,2024-10-09T12:03:28.663,0.68000000000,0.99781930000,-0.06469618000,0.01282522200,0.00256450540
etaWear,FEAC84C53DE7,1728464608673,2024-10-09T12:03:28.673,0.69000000000,0.99781936000,-0.06469506000,0.01282451700,0.00256447420
etaWear,FEAC84C53DE7,1728464608683,2024-10-09T12:03:28.683,0.70000000000,0.99781940000,-0.06469405400,0.01282369700,0.00256443420
etaWear,FEAC84C53DE7,1728464608693,2024-10-09T12:03:28.693,0.71000000000,0.99781950000,-0.06469304000,0.01282267900,0.00256438130
etaWear,FEAC84C53DE7,1728464608703,2024-10-09T12:03:28.703,0.72000000000,0.99781966000,-0.06469118000,0.01282030600,0.00256425200
etaWear,FEAC84C53DE7,1728464608713,2024-10-09T12:03:28.713,0.73000000000,0.99781984000,-0.06468907000,0.01281774400,0.00256411340
etaWear,FEAC84C53DE7,1728464608723,2024-10-09T12:03:28.723,0.74000000000,0.99782000000,-0.06468703600,0.01281497700,0.00256396060
etaWear,FEAC84C53DE7,1728464608733,2024-10-09T12:03:28.733,0.75000000000,0.99782020000,-0.06468420000,0.01281353550,0.00256390400
etaWear,FEAC84C53DE7,1728464608743,2024-10-09T12:03:28.743,0.76000000000,0.99782040000,-0.06468107000,0.01281144100,0.00256380900
etaWear,FEAC84C53DE7,1728464608753,2024-10-09T12:03:28.753,0.77000000000,0.99782060000,-0.06467886000,0.01280969200,0.00256372450
etaWear,FEAC84C53DE7,1728464608763,2024-10-09T12:03:28.763,0.78000000000,0.99782073000,-0.06467744000,0.01280841500,0.00256366030
MetaWear,FEAC84C53DE7,1728464608773,2024-10-09T12:03:28.773,0.79000000000,0.99782085000,-0.06467592000,0.01280669300,0.00256356850
etaWear,FEAC84C53DE7,1728464608783,2024-10-09T12:03:28.783,0.80000000000,0.99782100000,-0.06467414000,0.01280462600,0.00256345770
etaWear,FEAC84C53DE7,1728464608793,2024-10-09T12:03:28.793,0.81000000000,0.99782103000,-0.06467337000,0.01280320300,0.00256337550
etaWear,FEAC84C53DE7,1728464608803,2024-10-09T12:03:28.803,0.82000000000,0.99782110000,-0.06467216500,0.01280134000,0.00256327050
etaWear,FEAC84C53DE7,1728464608813,2024-10-09T12:03:28.813,0.83000000000,0.99782130000,-0.06467106000,0.01279956500,0.00256317000
etaWear,FEAC84C53DE7,1728464608823,2024-10-09T12:03:28.823,0.84000000000,0.99782133000,-0.06467052000,0.01279809600,0.00256308200
etaWear,FEAC84C53DE7,1728464608833,2024-10-09T12:03:28.833,0.85000000000,0.99782140000,-0.06466920000,0.01279646900,0.00256299370
etaWear,FEAC84C53DE7,1728464608843,2024-10-09T12:03:28.843,0.86000000000,0.99782160000,-0.06466705000,0.01279428700,0.00256288030
etaWear,FEAC84C53DE7,1728464608853,2024-10-09T12:03:28.853,0.87000000000,0.99782180000,-0.06466463000,0.01279267000,0.00256280720
etaWear,FEAC84C53DE7,1728464608863,2024-10-09T12:03:28.863,0.88000000000,0.99782200000,-0.06466214000,0.01279134600,0.00256275360
etaWear,FEAC84C53DE7,1728464608873,2024-10-09T12:03:28.873,0.89000000000,0.99782217000,-0.06465968500,0.01278949700,0.00256266580
etaWear,FEAC84C53DE7,1728464608883,2024-10-09T12:03:28.883,0.90000000000,0.99782234000,-0.06465734500,0.01278730950,0.00256255460
etaWear,FEAC84C53DE7,1728464608893,2024-10-09T12:03:28.893,0.91000000000,0.99782246000,-0.06465492400,0.01278489600,0.00256242950
etaWear,FEAC84C53DE7,1728464608903,2024-10-09T12:03:28.903,0.92000000000,0.99782264000,-0.06465310000,0.01278192200,0.00256226070
etaWear,FEAC84C53DE7,1728464608913,2024-10-09T12:03:28.913,0.93000000000,0.99782270000,-0.06465173500,0.01278022600,0.00256216880
etaWear,FEAC84C53DE7,1728464608923,2024-10-09T12:03:28.923,0.94000000000,0.99782276000,-0.06465080000,0.01277929400,0.00256212060
etaWear,FEAC84C53DE7,1728464608933,2024-10-09T12:03:28.933,0.95000000000,0.99782294000,-0.06464972000,0.01277771000,0.00256203200
etaWear,FEAC84C53DE7,1728464608943,2024-10-09T12:03:28.943,0.96000000000,0.99782300000,-0.06464885000,0.01277600100,0.00256193300
etaWear,FEAC84C53DE7,1728464608953,2024-10-09T12:03:28.953,0.97000000000,0.99782306000,-0.06464754000,0.01277435850,0.00256184350
etaWear,FEAC84C53DE7,1728464608963,2024-10-09T12:03:28.963,0.98000000000,0.99782330000,-0.06464586000,0.01277252800,0.00256174700
etaWear,FEAC84C53DE7,1728464608973,2024-10-09T12:03:28.973,0.99000000000,0.99782340000,-0.06464383000,0.01277097100,0.00256167260
etaWear,FEAC84C53DE7,1728464608983,2024-10-09T12:03:28.983,1.00000000000,0.99782354000,-0.06464153500,0.01276989600,0.00256163250
etaWear,FEAC84C53DE7,1728464608993,2024-10-09T12:03:28.993,1.01000000000,0.99782354000,-0.06464153500,0.01276989600,0.00256163250
etaWear,FEAC84C53DE7,1728464609003,2024-10-09T12:03:29.003,1.02000000000,0.99782354000,-0.06464153500,0.01276989600,0.00256163250
etaWear,FEAC84C53DE7,1728464609013,2024-10-09T12:03:29.013,1.03000000000,0.99782354000,-0.06464153500,0.01276989600,0.00256163250
etaWear,FEAC84C53DE7,1728464609023,2024-10-09T12:03:29.023,1.04000000000,0.99782354000,-0.06464153500,0.01276989600,0.00256163250
etaWear,FEAC84C53DE7,1728464609033,2024-10-09T12:03:29.033,1.05000000000,0.99782354000,-0.06464153500,0.01276989600,0.00256163250
etaWear,FEAC84C53DE7,1728464609043,2024-10-09T12:03:29.043,1.06000000000,0.99782354000,-0.06464153500,0.01276989600,0.00256163250
etaWear,FEAC84C53DE7,1728464609053,2024-10-09T12:03:29.053,1.07000000000,0.99782354000,-0.06464153500,0.01276989600,0.00256163250
etaWear,FEAC84C53DE7,1728464609063,2024-10-09T12:03:29.063,1.08000000000,0.99782354000,-0.06464153500,0.01276989600,0.00256163250
etaWear,FEAC84C53DE7,1728464609073,2024-10-09T12:03:29.073,1.09000000000,0.99782354000,-0.06464153500,0.01276989600,0.00256163250
etaWear,FEAC84C53DE7,1728464609083,2024-10-09T12:03:29.083,1.10000000000,0.99782354000,-0.06464153500,0.01276989600,0.00256163250
MetaWear,FEAC84C53DE7,1728464609093,2024-10-09T12:03:29.093,1.11000000000,0.99782354000,-0.06464153500,0.01276989600,0.00256163250
etaWear,FEAC84C53DE7,1728464609103,2024-10-09T12:03:29.103,1.12000000000,0.99782354000,-0.06464153500,0.01276989600,0.00256163250
etaWear,FEAC84C53DE7,1728464609113,2024-10-09T12:03:29.113,1.13000000000,0.99782354000,-0.06464153500,0.01276989600,0.00256163250
etaWear,FEAC84C53DE7,1728464609123,2024-10-09T12:03:29.123,1.14000000000,0.99782354000,-0.06464153500,0.01276989600,0.00256163250
etaWear,FEAC84C53DE7,1728464609133,2024-10-09T12:03:29.133,1.15000000000,0.99782354000,-0.06464153500,0.01276989600,0.00256163250
etaWear,FEAC84C53DE7,1728464609143,2024-10-09T12:03:29.143,1.16000000000,0.99782354000,-0.06464153500,0.01276989600,0.00256163250
etaWear,FEAC84C53DE7,1728464609153,2024-10-09T12:03:29.153,1.17000000000,0.99782354000,-0.06464153500,0.01276989600,0.00256163250
etaWear,FEAC84C53DE7,1728464609163,2024-10-09T12:03:29.163,1.18000000000,0.99782354000,-0.06464153500,0.01276989600,0.00256163250
etaWear,FEAC84C53DE7,1728464609173,2024-10-09T12:03:29.173,1.19000000000,0.99782354000,-0.06464153500,0.01276989600,0.00256163250
etaWear,FEAC84C53DE7,1728464609183,2024-10-09T12:03:29.183,1.20000000000,0.99782354000,-0.06464153500,0.01276989600,0.00256163250
etaWear,FEAC84C53DE7,1728464609193,2024-10-09T12:03:29.193,1.21000000000,0.99782354000,-0.06464153500,0.01276989600,0.00256163250
etaWear,FEAC84C53DE7,1728464609203,2024-10-09T12:03:29.203,1.22000000000,0.99782354000,-0.06464153500,0.01276989600,0.00256163250
etaWear,FEAC84C53DE7,1728464609213,2024-10-09T12:03:29.213,1.23000000000,0.99782354000,-0.06464153500,0.01276989600,0.00256163250
etaWear,FEAC84C53DE7,1728464609223,2024-10-09T12:03:29.223,1.24000000000,0.99782354000,-0.06464153500,0.01276989600,0.00256163250
etaWear,FEAC84C53DE7,1728464609233,2024-10-09T12:03:29.233,1.25000000000,0.99782354000,-0.06464153500,0.01276989600,0.00256163250
etaWear,FEAC84C53DE7,1728464609243,2024-10-09T12:03:29.243,1.26000000000,0.99782354000,-0.06464153500,0.01276989600,0.00256163250
etaWear,FEAC84C53DE7,1728464609253,2024-10-09T12:03:29.253,1.27000000000,0.99782354000,-0.06464153500,0.01276989600,0.00256163250
etaWear,FEAC84C53DE7,1728464609263,2024-10-09T12:03:29.263,1.28000000000,0.99782354000,-0.06464153500,0.01276989600,0.00256163250
etaWear,FEAC84C53DE7,1728464609273,2024-10-09T12:03:29.273,1.29000000000,0.99782354000,-0.06464153500,0.01276989600,0.00256163250
etaWear,FEAC84C53DE7,1728464609283,2024-10-09T12:03:29.283,1.30000000000,0.99782354000,-0.06464153500,0.01276989600,0.00256163250
etaWear,FEAC84C53DE7,1728464609293,2024-10-09T12:03:29.293,1.31000000000,0.99782354000,-0.06464153500,0.01276989600,0.00256163250
etaWear,FEAC84C53DE7,1728464609303,2024-10-09T12:03:29.303,1.32000000000,0.99782354000,-0.06464153500,0.01276989600,0.00256163250
etaWear,FEAC84C53DE7,1728464609313,2024-10-09T12:03:29.313,1.33000000000,0.99782354000,-0.06464153500,0.01276989600,0.00256163250
etaWear,FEAC84C53DE7,1728464609323,2024-10-09T12:03:29.323,1.34000000000,0.99782354000,-0.06464153500,0.01276989600,0.00256163250
etaWear,FEAC84C53DE7,1728464609423,2024-10-09T12:03:29.423,1.44000000000,0.99782354000,-0.06464153500,0.01276989600,0.00256163250
etaWear,FEAC84C53DE7,1728464609433,2024-10-09T12:03:29.433,1.45000000000,0.99782354000,-0.06464153500,0.01276989600,0.00256163250
etaWear,FEAC84C53DE7,1728464609443,2024-10-09T12:03:29.443,1.46000000000,0.99782354000,-0.06464153500,0.01276989600,0.00256163250
etaWear,FEAC84C53DE7,1728464609453,2024-10-09T12:03:29.453,1.47000000000,0.99782354000,-0.06464153500,0.01276989600,0.00256163250
etaWear,FEAC84C53DE7,1728464609463,2024-10-09T12:03:29.463,1.48000000000,0.99782354000,-0.06464153500,0.01276989600,0.00256163250
etaWear,FEAC84C53DE7,1728464609473,2024-10-09T12:03:29.473,1.49000000000,0.99782354000,-0.06464153500,0.01276989600,0.00256163250
etaWear,FEAC84C53DE7,1728464609483,2024-10-09T12:03:29.483,1.50000000000,0.99782354000,-0.06464153500,0.01276989600,0.00256163250
etaWear,FEAC84C53DE7,1728464609493,2024-10-09T12:03:29.493,1.51000000000,0.99782354000,-0.06464153500,0.01276989600,0.00256163250
etaWear,FEAC84C53DE7,1728464609513,2024-10-09T12:03:29.513,1.53000000000,0.99782354000,-0.06464153500,0.01276989600,0.00256163250
etaWear,FEAC84C53DE7,1728464609523,2024-10-09T12:03:29.523,1.54000000000,0.99782354000,-0.06464153500,0.01276989600,0.00256163250
etaWear,FEAC84C53DE7,1728464609533,2024-10-09T12:03:29.533,1.55000000000,0.99782354000,-0.06464153500,0.01276989600,0.00256163250
etaWear,FEAC84C53DE7,1728464609553,2024-10-09T12:03:29.553,1.57000000000,0.99782354000,-0.06464153500,0.01276989600,0.00256163250
etaWear,FEAC84C53DE7,1728464609573,2024-10-09T12:03:29.573,1.59000000000,0.99782354000,-0.06464153500,0.01276989600,0.00256163250
etaWear,FEAC84C53DE7,1728464609583,2024-10-09T12:03:29.583,1.60000000000,0.99782354000,-0.06464153500,0.01276989600,0.00256163250
etaWear,FEAC84C53DE7,1728464609593,2024-10-09T12:03:29.593,1.61000000000,0.99782354000,-0.06464153500,0.01276989600,0.00256163250
etaWear,FEAC84C53DE7,1728464609603,2024-10-09T12:03:29.603,1.62000000000,0.99782354000,-0.06464153500,0.01276989600,0.00256163250
etaWear,FEAC84C53DE7,1728464609613,2024-10-09T12:03:29.613,1.63000000000,0.99782354000,-0.06464153500,0.01276989600,0.00256163250
etaWear,FEAC84C53DE7,1728464609633,2024-10-09T12:03:29.633,1.65000000000,0.99782354000,-0.06464153500,0.01276989600,0.00256163250
etaWear,FEAC84C53DE7,1728464609643,2024-10-09T12:03:29.643,1.66000000000,0.99782354000,-0.06464153500,0.01276989600,0.00256163250
etaWear,FEAC84C53DE7,1728464609653,2024-10-09T12:03:29.653,1.67000000000,0.99782354000,-0.06464153500,0.01276989600,0.00256163250
etaWear,FEAC84C53DE7,1728464609763,2024-10-09T12:03:29.763,1.78000000000,0.99782354000,-0.06464153500,0.01276989600,0.00256163250
etaWear,FEAC84C53DE7,1728464609773,2024-10-09T12:03:29.773,1.79000000000,0.99782354000,-0.06464153500,0.01276989600,0.00256163250
etaWear,FEAC84C53DE7,1728464609813,2024-10-09T12:03:29.813,1.83000000000,0.99782354000,-0.06464153500,0.01276989600,0.00256163250
etaWear,FEAC84C53DE7,1728464609823,2024-10-09T12:03:29.823,1.84000000000,0.99782354000,-0.06464153500,0.01276989600,0.00256163250
etaWear,FEAC84C53DE7,1728464609853,2024-10-09T12:03:29.853,1.87000000000,0.99782354000,-0.06464153500,0.01276989600,0.00256163250
etaWear,FEAC84C53DE7,1728464609873,2024-10-09T12:03:29.873,1.89000000000,0.99782354000,-0.06464153500,0.01276989600,0.00256163250
etaWear,FEAC84C53DE7,1728464609883,2024-10-09T12:03:29.883,1.90000000000,0.99782354000,-0.06464153500,0.01276989600,0.00256163250
etaWear,FEAC84C53DE7,1728464609903,2024-10-09T12:03:29.903,1.92000000000,0.99782354000,-0.06464153500,0.01276989600,0.00256163250
etaWear,FEAC84C53DE7,1728464609913,2024-10-09T12:03:29.913,1.93000000000,0.99782354000,-0.06464153500,0.01276989600,0.00256163250
etaWear,FEAC84C53DE7,1728464609923,2024-10-09T12:03:29.923,1.94000000000,0.99782354000,-0.06464153500,0.01276989600,0.00256163250
etaWear,FEAC84C53DE7,1728464609933,2024-10-09T12:03:29.933,1.95000000000,0.99782354000,-0.06464153500,0.01276989600,0.00256163250
etaWear,FEAC84C53DE7,1728464609953,2024-10-09T12:03:29.953,1.97000000000,0.99782354000,-0.06464153500,0.01276989600,0.00256163250
etaWear,FEAC84C53DE7,1728464609963,2024-10-09T12:03:29.963,1.98000000000,0.99782354000,-0.06464153500,0.01276989600,0.00256163250
etaWear,FEAC84C53DE7,1728464609973,2024-10-09T12:03:29.973,1.99000000000,0.99782354000,-0.06464153500,0.01276989600,0.00256163250
etaWear,FEAC84C53DE7,1728464609993,2024-10-09T12:03:29.993,2.01000000000,0.99782354000,-0.06464153500,0.01276989600,0.00256163250
etaWear,FEAC84C53DE7,1728464610003,2024-10-09T12:03:30.003,2.02000000000,0.99782354000,-0.06464153500,0.01276989600,0.00256163250
etaWear,FEAC84C53DE7,1728464610013,2024-10-09T12:03:30.013,2.03000000000,0.99782354000,-0.06464153500,0.01276989600,0.00256163250
etaWear,FEAC84C53DE7,1728464610033,2024-10-09T12:03:30.033,2.05000000000,0.99782354000,-0.06464153500,0.01276989600,0.00256163250
etaWear,FEAC84C53DE7,1728464610043,2024-10-09T12:03:30.043,2.06000000000,0.99782354000,-0.06464153500,0.01276989600,0.00256163250
etaWear,FEAC84C53DE7,1728464610063,2024-10-09T12:03:30.063,2.08000000000,0.99782354000,-0.06464153500,0.01276989600,0.00256163250
etaWear,FEAC84C53DE7,1728464610073,2024-10-09T12:03:30.073,2.09000000000,0.99782354000,-0.06464153500,0.01276989600,0.00256163250
etaWear,FEAC84C53DE7,1728464610083,2024-10-09T12:03:30.083,2.10000000000,0.99782354000,-0.06464153500,0.01276989600,0.00256163250
etaWear,FEAC84C53DE7,1728464610133,2024-10-09T12:03:30.133,2.15000000000,0.99782354000,-0.06464153500,0.01276989600,0.00256163250
etaWear,FEAC84C53DE7,1728464610143,2024-10-09T12:03:30.143,2.16000000000,0.99782354000,-0.06464153500,0.01276989600,0.00256163250
etaWear,FEAC84C53DE7,1728464610153,2024-10-09T12:03:30.153,2.17000000000,0.99782354000,-0.06464153500,0.01276989600,0.00256163250
etaWear,FEAC84C53DE7,1728464610163,2024-10-09T12:03:30.163,2.18000000000,0.99782354000,-0.06464153500,0.01276989600,0.00256163250
etaWear,FEAC84C53DE7,1728464610173,2024-10-09T12:03:30.173,2.19000000000,0.99782354000,-0.06464153500,0.01276989600,0.00256163250
etaWear,FEAC84C53DE7,1728464610193,2024-10-09T12:03:30.193,2.21000000000,0.99782354000,-0.06464153500,0.01276989600,0.00256163250
etaWear,FEAC84C53DE7,1728464610203,2024-10-09T12:03:30.203,2.22000000000,0.99782354000,-0.06464153500,0.01276989600,0.00256163250
etaWear,FEAC84C53DE7,1728464610213,2024-10-09T12:03:30.213,2.23000000000,0.99782354000,-0.06464153500,0.01276989600,0.00256163250
etaWear,FEAC84C53DE7,1728464610223,2024-10-09T12:03:30.223,2.24000000000,0.99782354000,-0.06464153500,0.01276989600,0.00256163250
etaWear,FEAC84C53DE7,1728464610233,2024-10-09T12:03:30.233,2.25000000000,0.99782354000,-0.06464153500,0.01276989600,0.00256163250
etaWear,FEAC84C53DE7,1728464610243,2024-10-09T12:03:30.243,2.26000000000,0.99782354000,-0.06464153500,0.01276989600,0.00256163250
etaWear,FEAC84C53DE7,1728464610253,2024-10-09T12:03:30.253,2.27000000000,0.99782354000,-0.06464153500,0.01276989600,0.00256163250
etaWear,FEAC84C53DE7,1728464610273,2024-10-09T12:03:30.273,2.29000000000,0.99782354000,-0.06464153500,0.01276989600,0.00256163250
etaWear,FEAC84C53DE7,1728464610283,2024-10-09T12:03:30.283,2.30000000000,0.99782354000,-0.06464153500,0.01276989600,0.00256163250
etaWear,FEAC84C53DE7,1728464610293,2024-10-09T12:03:30.293,2.31000000000,0.99782354000,-0.06464153500,0.01276989600,0.00256163250
etaWear,FEAC84C53DE7,1728464610303,2024-10-09T12:03:30.303,2.32000000000,0.99782354000,-0.06464153500,0.01276989600,0.00256163250
etaWear,FEAC84C53DE7,1728464610313,2024-10-09T12:03:30.313,2.33000000000,0.99782354000,-0.06464153500,0.01276989600,0.00256163250
etaWear,FEAC84C53DE7,1728464610323,2024-10-09T12:03:30.323,2.34000000000,0.99782354000,-0.06464153500,0.01276989600,0.00256163250
etaWear,FEAC84C53DE7,1728464610333,2024-10-09T12:03:30.333,2.35000000000,0.99782354000,-0.06464153500,0.01276989600,0.00256163250
etaWear,FEAC84C53DE7,1728464610353,2024-10-09T12:03:30.353,2.37000000000,0.99782354000,-0.06464153500,0.01276989600,0.00256163250
etaWear,FEAC84C53DE7,1728464610363,2024-10-09T12:03:30.363,2.38000000000,0.99782354000,-0.06464153500,0.01276989600,0.00256163250
etaWear,FEAC84C53DE7,1728464610373,2024-10-09T12:03:30.373,2.39000000000,0.99782354000,-0.06464153500,0.01276989600,0.00256163250
etaWear,FEAC84C53DE7,1728464610563,2024-10-09T12:03:30.563,2.58000000000,0.99782354000,-0.06464153500,0.01276989600,0.00256163250
etaWear,FEAC84C53DE7,1728464610573,2024-10-09T12:03:30.573,2.59000000000,0.99782354000,-0.06464153500,0.01276989600,0.00256163250
etaWear,FEAC84C53DE7,1728464610593,2024-10-09T12:03:30.593,2.61000000000,0.99782354000,-0.06464153500,0.01276989600,0.00256163250
etaWear,FEAC84C53DE7,1728464610603,2024-10-09T12:03:30.603,2.62000000000,0.99782354000,-0.06464153500,0.01276989600,0.00256163250
etaWear,FEAC84C53DE7,1728464610613,2024-10-09T12:03:30.613,2.63000000000,0.99782354000,-0.06464153500,0.01276989600,0.00256163250
etaWear,FEAC84C53DE7,1728464610623,2024-10-09T12:03:30.623,2.64000000000,0.99782354000,-0.06464153500,0.01276989600,0.00256163250
etaWear,FEAC84C53DE7,1728464610633,2024-10-09T12:03:30.633,2.65000000000,0.99782354000,-0.06464153500,0.01276989600,0.00256163250
etaWear,FEAC84C53DE7,1728464610653,2024-10-09T12:03:30.653,2.67000000000,0.99782354000,-0.06464153500,0.01276989600,0.00256163250
etaWear,FEAC84C53DE7,1728464610663,2024-10-09T12:03:30.663,2.68000000000,0.99782354000,-0.06464153500,0.01276989600,0.00256163250
etaWear,FEAC84C53DE7,1728464610683,2024-10-09T12:03:30.683,2.70000000000,0.99782354000,-0.06464153500,0.01276989600,0.00256163250
etaWear,FEAC84C53DE7,1728464610693,2024-10-09T12:03:30.693,2.71000000000,0.99782354000,-0.06464153500,0.01276989600,0.00256163250
etaWear,FEAC84C53DE7,1728464610703,2024-10-09T12:03:30.703,2.72000000000,0.99782354000,-0.06464153500,0.01276989600,0.00256163250
etaWear,FEAC84C53DE7,1728464610713,2024-10-09T12:03:30.713,2.73000000000,0.99782354000,-0.06464153500,0.01276989600,0.00256163250
etaWear,FEAC84C53DE7,1728464610723,2024-10-09T12:03:30.723,2.74000000000,0.99782354000,-0.06464153500,0.01276989600,0.00256163250
etaWear,FEAC84C53DE7,1728464610733,2024-10-09T12:03:30.733,2.75000000000,0.99782354000,-0.06464153500,0.01276989600,0.00256163250
etaWear,FEAC84C53DE7,1728464610743,2024-10-09T12:03:30.743,2.76000000000,0.99782354000,-0.06464153500,0.01276989600,0.00256163250
etaWear,FEAC84C53DE7,1728464610763,2024-10-09T12:03:30.763,2.78000000000,0.99782354000,-0.06464153500,0.01276989600,0.00256163250
etaWear,FEAC84C53DE7,1728464610773,2024-10-09T12:03:30.773,2.79000000000,0.99782354000,-0.06464153500,0.01276989600,0.00256163250
etaWear,FEAC84C53DE7,1728464610783,2024-10-09T12:03:30.783,2.80000000000,0.99782354000,-0.06464153500,0.01276989600,0.00256163250
etaWear,FEAC84C53DE7,1728464610793,2024-10-09T12:03:30.793,2.81000000000,0.99782354000,-0.06464153500,0.01276989600,0.00256163250
etaWear,FEAC84C53DE7,1728464610803,2024-10-09T12:03:30.803,2.82000000000,0.99782354000,-0.06464153500,0.01276989600,0.00256163250
etaWear,FEAC84C53DE7,1728464610953,2024-10-09T12:03:30.953,2.97000000000,0.99782354000,-0.06464153500,0.01276989600,0.00256163250
etaWear,FEAC84C53DE7,1728464610963,2024-10-09T12:03:30.963,2.98000000000,0.99782354000,-0.06464153500,0.01276989600,0.00256163250
etaWear,FEAC84C53DE7,1728464610973,2024-10-09T12:03:30.973,2.99000000000,0.99782354000,-0.06464153500,0.01276989600,0.00256163250
etaWear,FEAC84C53DE7,1728464610983,2024-10-09T12:03:30.983,3.00000000000,0.99782354000,-0.06464153500,0.01276989600,0.00256163250
etaWear,FEAC84C53DE7,1728464611003,2024-10-09T12:03:31.003,3.02000000000,0.99782354000,-0.06464153500,0.01276989600,0.00256163250
etaWear,FEAC84C53DE7,1728464611013,2024-10-09T12:03:31.013,3.03000000000,0.99782354000,-0.06464153500,0.01276989600,0.00256163250
etaWear,FEAC84C53DE7,1728464611023,2024-10-09T12:03:31.023,3.04000000000,0.99782354000,-0.06464153500,0.01276989600,0.00256163250
etaWear,FEAC84C53DE7,1728464611043,2024-10-09T12:03:31.043,3.06000000000,0.99782354000,-0.06464153500,0.01276989600,0.00256163250
etaWear,FEAC84C53DE7,1728464611053,2024-10-09T12:03:31.053,3.07000000000,0.99782354000,-0.06464153500,0.01276989600,0.00256163250
etaWear,FEAC84C53DE7,1728464611063,2024-10-09T12:03:31.063,3.08000000000,0.99782354000,-0.06464153500,0.01276989600,0.00256163250
etaWear,FEAC84C53DE7,1728464611083,2024-10-09T12:03:31.083,3.10000000000,0.99782354000,-0.06464153500,0.01276989600,0.00256163250
etaWear,FEAC84C53DE7,1728464611093,2024-10-09T12:03:31.093,3.11000000000,0.99782354000,-0.06464153500,0.01276989600,0.00256163250
etaWear,FEAC84C53DE7,1728464611103,2024-10-09T12:03:31.103,3.12000000000,0.99782354000,-0.06464153500,0.01276989600,0.00256163250
etaWear,FEAC84C53DE7,1728464611113,2024-10-09T12:03:31.113,3.13000000000,0.99782354000,-0.06464153500,0.01276989600,0.00256163250
etaWear,FEAC84C53DE7,1728464611133,2024-10-09T12:03:31.133,3.15000000000,0.99782354000,-0.06464153500,0.01276989600,0.00256163250
etaWear,FEAC84C53DE7,1728464611143,2024-10-09T12:03:31.143,3.16000000000,0.99782354000,-0.06464153500,0.01276989600,0.00256163250
etaWear,FEAC84C53DE7,1728464611163,2024-10-09T12:03:31.163,3.18000000000,0.99782354000,-0.06464153500,0.01276989600,0.00256163250
etaWear,FEAC84C53DE7,1728464611173,2024-10-09T12:03:31.173,3.19000000000,0.99782354000,-0.06464153500,0.01276989600,0.00256163250
etaWear,FEAC84C53DE7,1728464611183,2024-10-09T12:03:31.183,3.20000000000,0.99782354000,-0.06464153500,0.01276989600,0.00256163250
etaWear,FEAC84C53DE7,1728464611193,2024-10-09T12:03:31.193,3.21000000000,0.99782354000,-0.06464153500,0.01276989600,0.00256163250
etaWear,FEAC84C53DE7,1728464611203,2024-10-09T12:03:31.203,3.22000000000,0.99782354000,-0.06464153500,0.01276989600,0.00256163250
etaWear,FEAC84C53DE7,1728464611213,2024-10-09T12:03:31.213,3.23000000000,0.99782354000,-0.06464153500,0.01276989600,0.00256163250
etaWear,FEAC84C53DE7,1728464611263,2024-10-09T12:03:31.263,3.28000000000,0.99782354000,-0.06464153500,0.01276989600,0.00256163250
etaWear,FEAC84C53DE7,1728464611273,2024-10-09T12:03:31.273,3.29000000000,0.99782354000,-0.06464153500,0.01276989600,0.00256163250
etaWear,FEAC84C53DE7,1728464611283,2024-10-09T12:03:31.283,3.30000000000,0.99782354000,-0.06464153500,0.01276989600,0.00256163250
etaWear,FEAC84C53DE7,1728464611293,2024-10-09T12:03:31.293,3.31000000000,0.99782354000,-0.06464153500,0.01276989600,0.00256163250
etaWear,FEAC84C53DE7,1728464611303,2024-10-09T12:03:31.303,3.32000000000,0.99782354000,-0.06464153500,0.01276989600,0.00256163250
etaWear,FEAC84C53DE7,1728464611323,2024-10-09T12:03:31.323,3.34000000000,0.99782354000,-0.06464153500,0.01276989600,0.00256163250
etaWear,FEAC84C53DE7,1728464611333,2024-10-09T12:03:31.333,3.35000000000,0.99782354000,-0.06464153500,0.01276989600,0.00256163250
etaWear,FEAC84C53DE7,1728464611343,2024-10-09T12:03:31.343,3.36000000000,0.99782354000,-0.06464153500,0.01276989600,0.00256163250
etaWear,FEAC84C53DE7,1728464611363,2024-10-09T12:03:31.363,3.38000000000,0.99782354000,-0.06464153500,0.01276989600,0.00256163250
etaWear,FEAC84C53DE7,1728464611373,2024-10-09T12:03:31.373,3.39000000000,0.99782354000,-0.06464153500,0.01276989600,0.00256163250
etaWear,FEAC84C53DE7,1728464611383,2024-10-09T12:03:31.383,3.40000000000,0.99782354000,-0.06464153500,0.01276989600,0.00256163250
etaWear,FEAC84C53DE7,1728464611403,2024-10-09T12:03:31.403,3.42000000000,0.99782354000,-0.06464153500,0.01276989600,0.00256163250
etaWear,FEAC84C53DE7,1728464611413,2024-10-09T12:03:31.413,3.43000000000,0.99782354000,-0.06464153500,0.01276989600,0.00256163250
etaWear,FEAC84C53DE7,1728464611423,2024-10-09T12:03:31.423,3.44000000000,0.99782354000,-0.06464153500,0.01276989600,0.00256163250
etaWear,FEAC84C53DE7,1728464611433,2024-10-09T12:03:31.433,3.45000000000,0.99782354000,-0.06464153500,0.01276989600,0.00256163250
etaWear,FEAC84C53DE7,1728464611443,2024-10-09T12:03:31.443,3.46000000000,0.99782354000,-0.06464153500,0.01276989600,0.00256163250
etaWear,FEAC84C53DE7,1728464611453,2024-10-09T12:03:31.453,3.47000000000,0.99782354000,-0.06464153500,0.01276989600,0.00256163250
etaWear,FEAC84C53DE7,1728464611463,2024-10-09T12:03:31.463,3.48000000000,0.99782354000,-0.06464153500,0.01276989600,0.00256163250
etaWear,FEAC84C53DE7,1728464611483,2024-10-09T12:03:31.483,3.50000000000,0.99782354000,-0.06464153500,0.01276989600,0.00256163250
etaWear,FEAC84C53DE7,1728464611493,2024-10-09T12:03:31.493,3.51000000000,0.99782354000,-0.06464153500,0.01276989600,0.00256163250
etaWear,FEAC84C53DE7,1728464611503,2024-10-09T12:03:31.503,3.52000000000,0.99782354000,-0.06464153500,0.01276989600,0.00256163250
etaWear,FEAC84C53DE7,1728464611513,2024-10-09T12:03:31.513,3.53000000000,0.99782354000,-0.06464153500,0.01276989600,0.00256163250
etaWear,FEAC84C53DE7,1728464611523,2024-10-09T12:03:31.523,3.54000000000,0.99782354000,-0.06464153500,0.01276989600,0.00256163250
etaWear,FEAC84C53DE7,1728464611533,2024-10-09T12:03:31.533,3.55000000000,0.99782354000,-0.06464153500,0.01276989600,0.00256163250
MetaWear,FEAC84C53DE7,1728464611543,2024-10-09T12:03:31.543,3.56000000000,0.99782354000,-0.06464153500,0.01276989600,0.00256163250
etaWear,FEAC84C53DE7,1728464611563,2024-10-09T12:03:31.563,3.58000000000,0.99782354000,-0.06464153500,0.01276989600,0.00256163250
etaWear,FEAC84C53DE7,1728464611573,2024-10-09T12:03:31.573,3.59000000000,0.99782354000,-0.06464153500,0.01276989600,0.00256163250
etaWear,FEAC84C53DE7,1728464611583,2024-10-09T12:03:31.583,3.60000000000,0.99782354000,-0.06464153500,0.01276989600,0.00256163250
etaWear,FEAC84C53DE7,1728464611593,2024-10-09T12:03:31.593,3.61000000000,0.99782354000,-0.06464153500,0.01276989600,0.00256163250
etaWear,FEAC84C53DE7,1728464611603,2024-10-09T12:03:31.603,3.62000000000,0.99782354000,-0.06464153500,0.01276989600,0.00256163250
etaWear,FEAC84C53DE7,1728464611613,2024-10-09T12:03:31.613,3.63000000000,0.99782354000,-0.06464153500,0.01276989600,0.00256163250
etaWear,FEAC84C53DE7,1728464611623,2024-10-09T12:03:31.623,3.64000000000,0.99782354000,-0.06464153500,0.01276989600,0.00256163250
etaWear,FEAC84C53DE7,1728464611643,2024-10-09T12:03:31.643,3.66000000000,0.99782354000,-0.06464153500,0.01276989600,0.00256163250
etaWear,FEAC84C53DE7,1728464611653,2024-10-09T12:03:31.653,3.67000000000,0.99782354000,-0.06464153500,0.01276989600,0.00256163250
etaWear,FEAC84C53DE7,1728464611663,2024-10-09T12:03:31.663,3.68000000000,0.99782354000,-0.06464153500,0.01276989600,0.00256163250
etaWear,FEAC84C53DE7,1728464611673,2024-10-09T12:03:31.673,3.69000000000,0.99782354000,-0.06464153500,0.01276989600,0.00256163250
etaWear,FEAC84C53DE7,1728464611683,2024-10-09T12:03:31.683,3.70000000000,0.99782354000,-0.06464153500,0.01276989600,0.00256163250
etaWear,FEAC84C53DE7,1728464611693,2024-10-09T12:03:31.693,3.71000000000,0.99782354000,-0.06464153500,0.01276989600,0.00256163250
etaWear,FEAC84C53DE7,1728464611703,2024-10-09T12:03:31.703,3.72000000000,0.99782354000,-0.06464153500,0.01276989600,0.00256163250
etaWear,FEAC84C53DE7,1728464611723,2024-10-09T12:03:31.723,3.74000000000,0.99782354000,-0.06464153500,0.01276989600,0.00256163250
etaWear,FEAC84C53DE7,1728464611743,2024-10-09T12:03:31.743,3.76000000000,0.99782354000,-0.06464153500,0.01276989600,0.00256163250
etaWear,FEAC84C53DE7,1728464611753,2024-10-09T12:03:31.753,3.77000000000,0.99782354000,-0.06464153500,0.01276989600,0.00256163250
etaWear,FEAC84C53DE7,1728464611763,2024-10-09T12:03:31.763,3.78000000000,0.99782354000,-0.06464153500,0.01276989600,0.00256163250
etaWear,FEAC84C53DE7,1728464611773,2024-10-09T12:03:31.773,3.79000000000,0.99782354000,-0.06464153500,0.01276989600,0.00256163250
etaWear,FEAC84C53DE7,1728464611783,2024-10-09T12:03:31.783,3.80000000000,0.99782354000,-0.06464153500,0.01276989600,0.00256163250
etaWear,FEAC84C53DE7,1728464611803,2024-10-09T12:03:31.803,3.82000000000,0.99782354000,-0.06464153500,0.01276989600,0.00256163250
etaWear,FEAC84C53DE7,1728464611813,2024-10-09T12:03:31.813,3.83000000000,0.99782354000,-0.06464153500,0.01276989600,0.00256163250
etaWear,FEAC84C53DE7,1728464611823,2024-10-09T12:03:31.823,3.84000000000,0.99782354000,-0.06464153500,0.01276989600,0.00256163250
etaWear,FEAC84C53DE7,1728464611833,2024-10-09T12:03:31.833,3.85000000000,0.99782354000,-0.06464153500,0.01276989600,0.00256163250
etaWear,FEAC84C53DE7,1728464611843,2024-10-09T12:03:31.843,3.86000000000,0.99782354000,-0.06464153500,0.01276989600,0.00256163250
etaWear,FEAC84C53DE7,1728464611853,2024-10-09T12:03:31.853,3.87000000000,0.99782354000,-0.06464153500,0.01276989600,0.00256163250
etaWear,FEAC84C53DE7,1728464611863,2024-10-09T12:03:31.863,3.88000000000,0.99782354000,-0.06464153500,0.01276989600,0.00256163250
etaWear,FEAC84C53DE7,1728464611883,2024-10-09T12:03:31.883,3.90000000000,0.99782354000,-0.06464153500,0.01276989600,0.00256163250
etaWear,FEAC84C53DE7,1728464611893,2024-10-09T12:03:31.893,3.91000000000,0.99782354000,-0.06464153500,0.01276989600,0.00256163250
etaWear,FEAC84C53DE7,1728464611923,2024-10-09T12:03:31.923,3.94000000000,0.99782354000,-0.06464153500,0.01276989600,0.00256163250
etaWear,FEAC84C53DE7,1728464611933,2024-10-09T12:03:31.933,3.95000000000,0.99782354000,-0.06464153500,0.01276989600,0.00256163250
etaWear,FEAC84C53DE7,1728464611943,2024-10-09T12:03:31.943,3.96000000000,0.99782354000,-0.06464153500,0.01276989600,0.00256163250
etaWear,FEAC84C53DE7,1728464611953,2024-10-09T12:03:31.953,3.97000000000,0.99782354000,-0.06464153500,0.01276989600,0.00256163250
etaWear,FEAC84C53DE7,1728464611973,2024-10-09T12:03:31.973,3.99000000000,0.99782354000,-0.06464153500,0.01276989600,0.00256163250
etaWear,FEAC84C53DE7,1728464611983,2024-10-09T12:03:31.983,4.00000000000,0.99782354000,-0.06464153500,0.01276989600,0.00256163250
etaWear,FEAC84C53DE7,1728464611993,2024-10-09T12:03:31.993,4.01000000000,0.99782354000,-0.06464153500,0.01276989600,0.00256163250
etaWear,FEAC84C53DE7,1728464612003,2024-10-09T12:03:32.003,4.02000000000,0.99782354000,-0.06464153500,0.01276989600,0.00256163250
etaWear,FEAC84C53DE7,1728464612013,2024-10-09T12:03:32.013,4.03000000000,0.99782354000,-0.06464153500,0.01276989600,0.00256163250
etaWear,FEAC84C53DE7,1728464612023,2024-10-09T12:03:32.023,4.04000000000,0.99782354000,-0.06464153500,0.01276989600,0.00256163250
etaWear,FEAC84C53DE7,1728464612033,2024-10-09T12:03:32.033,4.05000000000,0.99782354000,-0.06464153500,0.01276989600,0.00256163250
etaWear,FEAC84C53DE7,1728464612053,2024-10-09T12:03:32.053,4.07000000000,0.99782354000,-0.06464153500,0.01276989600,0.00256163250
etaWear,FEAC84C53DE7,1728464612083,2024-10-09T12:03:32.083,4.10000000000,0.99782354000,-0.06464153500,0.01276989600,0.00256163250
etaWear,FEAC84C53DE7,1728464612093,2024-10-09T12:03:32.093,4.11000000000,0.99782354000,-0.06464153500,0.01276989600,0.00256163250
etaWear,FEAC84C53DE7,1728464612103,2024-10-09T12:03:32.103,4.12000000000,0.99782354000,-0.06464153500,0.01276989600,0.00256163250
etaWear,FEAC84C53DE7,1728464612113,2024-10-09T12:03:32.113,4.13000000000,0.99782354000,-0.06464153500,0.01276989600,0.00256163250
etaWear,FEAC84C53DE7,1728464612133,2024-10-09T12:03:32.133,4.15000000000,0.99782354000,-0.06464153500,0.01276989600,0.00256163250
etaWear,FEAC84C53DE7,1728464612143,2024-10-09T12:03:32.143,4.16000000000,0.99782354000,-0.06464153500,0.01276989600,0.00256163250
etaWear,FEAC84C53DE7,1728464612153,2024-10-09T12:03:32.153,4.17000000000,0.99782354000,-0.06464153500,0.01276989600,0.00256163250
etaWear,FEAC84C53DE7,1728464612163,2024-10-09T12:03:32.163,4.18000000000,0.99782354000,-0.06464153500,0.01276989600,0.00256163250
etaWear,FEAC84C53DE7,1728464612173,2024-10-09T12:03:32.173,4.19000000000,0.99782354000,-0.06464153500,0.01276989600,0.00256163250
etaWear,FEAC84C53DE7,1728464612183,2024-10-09T12:03:32.183,4.20000000000,0.99782354000,-0.06464153500,0.01276989600,0.00256163250
etaWear,FEAC84C53DE7,1728464612193,2024-10-09T12:03:32.193,4.21000000000,0.99782354000,-0.06464153500,0.01276989600,0.00256163250
etaWear,FEAC84C53DE7,1728464612213,2024-10-09T12:03:32.213,4.23000000000,0.99782354000,-0.06464153500,0.01276989600,0.00256163250
etaWear,FEAC84C53DE7,1728464612333,2024-10-09T12:03:32.333,4.35000000000,0.99782354000,-0.06464153500,0.01276989600,0.00256163250
etaWear,FEAC84C53DE7,1728464612343,2024-10-09T12:03:32.343,4.36000000000,0.99782354000,-0.06464153500,0.01276989600,0.00256163250
etaWear,FEAC84C53DE7,1728464612353,2024-10-09T12:03:32.353,4.37000000000,0.99782354000,-0.06464153500,0.01276989600,0.00256163250
etaWear,FEAC84C53DE7,1728464612373,2024-10-09T12:03:32.373,4.39000000000,0.99782354000,-0.06464153500,0.01276989600,0.00256163250
etaWear,FEAC84C53DE7,1728464612383,2024-10-09T12:03:32.383,4.40000000000,0.99782354000,-0.06464153500,0.01276989600,0.00256163250
etaWear,FEAC84C53DE7,1728464612393,2024-10-09T12:03:32.393,4.41000000000,0.99782354000,-0.06464153500,0.01276989600,0.00256163250
etaWear,FEAC84C53DE7,1728464612403,2024-10-09T12:03:32.403,4.42000000000,0.99782354000,-0.06464153500,0.01276989600,0.00256163250
etaWear,FEAC84C53DE7,1728464612413,2024-10-09T12:03:32.413,4.43000000000,0.99782354000,-0.06464153500,0.01276989600,0.00256163250
etaWear,FEAC84C53DE7,1728464612423,2024-10-09T12:03:32.423,4.44000000000,0.99782354000,-0.06464153500,0.01276989600,0.00256163250
etaWear,FEAC84C53DE7,1728464612433,2024-10-09T12:03:32.433,4.45000000000,0.99782354000,-0.06464153500,0.01276989600,0.00256163250
etaWear,FEAC84C53DE7,1728464612453,2024-10-09T12:03:32.453,4.47000000000,0.99782354000,-0.06464153500,0.01276989600,0.00256163250
etaWear,FEAC84C53DE7,1728464612463,2024-10-09T12:03:32.463,4.48000000000,0.99782354000,-0.06464153500,0.01276989600,0.00256163250
etaWear,FEAC84C53DE7,1728464612473,2024-10-09T12:03:32.473,4.49000000000,0.99782354000,-0.06464153500,0.01276989600,0.00256163250
etaWear,FEAC84C53DE7,1728464612483,2024-10-09T12:03:32.483,4.50000000000,0.99782354000,-0.06464153500,0.01276989600,0.00256163250
etaWear,FEAC84C53DE7,1728464612493,2024-10-09T12:03:32.493,4.51000000000,0.99782354000,-0.06464153500,0.01276989600,0.00256163250
etaWear,FEAC84C53DE7,1728464612503,2024-10-09T12:03:32.503,4.52000000000,0.99782354000,-0.06464153500,0.01276989600,0.00256163250
etaWear,FEAC84C53DE7,1728464612513,2024-10-09T12:03:32.513,4.53000000000,0.99782354000,-0.06464153500,0.01276989600,0.00256163250
etaWear,FEAC84C53DE7,1728464612533,2024-10-09T12:03:32.533,4.55000000000,0.99782354000,-0.06464153500,0.01276989600,0.00256163250
etaWear,FEAC84C53DE7,1728464612543,2024-10-09T12:03:32.543,4.56000000000,0.99782354000,-0.06464153500,0.01276989600,0.00256163250
etaWear,FEAC84C53DE7,1728464612553,2024-10-09T12:03:32.553,4.57000000000,0.99782354000,-0.06464153500,0.01276989600,0.00256163250
etaWear,FEAC84C53DE7,1728464612563,2024-10-09T12:03:32.563,4.58000000000,0.99782354000,-0.06464153500,0.01276989600,0.00256163250
etaWear,FEAC84C53DE7,1728464612573,2024-10-09T12:03:32.573,4.59000000000,0.99782354000,-0.06464153500,0.01276989600,0.00256163250
etaWear,FEAC84C53DE7,1728464612583,2024-10-09T12:03:32.583,4.60000000000,0.99782354000,-0.06464153500,0.01276989600,0.00256163250
etaWear,FEAC84C53DE7,1728464612593,2024-10-09T12:03:32.593,4.61000000000,0.99782354000,-0.06464153500,0.01276989600,0.00256163250
MetaWear,FEAC84C53DE7,1728464612613,2024-10-09T12:03:32.613,4.63000000000,0.99782354000,-0.06464153500,0.01276989600,0.00256163250
etaWear,FEAC84C53DE7,1728464612623,2024-10-09T12:03:32.623,4.64000000000,0.99782354000,-0.06464153500,0.01276989600,0.00256163250
etaWear,FEAC84C53DE7,1728464612633,2024-10-09T12:03:32.633,4.65000000000,0.99782354000,-0.06464153500,0.01276989600,0.00256163250
etaWear,FEAC84C53DE7,1728464612643,2024-10-09T12:03:32.643,4.66000000000,0.99782354000,-0.06464153500,0.01276989600,0.00256163250
etaWear,FEAC84C53DE7,1728464612653,2024-10-09T12:03:32.653,4.67000000000,0.99782354000,-0.06464153500,0.01276989600,0.00256163250
etaWear,FEAC84C53DE7,1728464612663,2024-10-09T12:03:32.663,4.68000000000,0.99782354000,-0.06464153500,0.01276989600,0.00256163250
etaWear,FEAC84C53DE7,1728464612673,2024-10-09T12:03:32.673,4.69000000000,0.99782354000,-0.06464153500,0.01276989600,0.00256163250
etaWear,FEAC84C53DE7,1728464612693,2024-10-09T12:03:32.693,4.71000000000,0.99782354000,-0.06464153500,0.01276989600,0.00256163250
etaWear,FEAC84C53DE7,1728464612703,2024-10-09T12:03:32.703,4.72000000000,0.99782354000,-0.06464153500,0.01276989600,0.00256163250
etaWear,FEAC84C53DE7,1728464612723,2024-10-09T12:03:32.723,4.74000000000,0.99782354000,-0.06464153500,0.01276989600,0.00256163250
etaWear,FEAC84C53DE7,1728464612733,2024-10-09T12:03:32.733,4.75000000000,0.99782354000,-0.06464153500,0.01276989600,0.00256163250
etaWear,FEAC84C53DE7,1728464612743,2024-10-09T12:03:32.743,4.76000000000,0.99782354000,-0.06464153500,0.01276989600,0.00256163250
etaWear,FEAC84C53DE7,1728464612753,2024-10-09T12:03:32.753,4.77000000000,0.99782354000,-0.06464153500,0.01276989600,0.00256163250
etaWear,FEAC84C53DE7,1728464612773,2024-10-09T12:03:32.773,4.79000000000,0.99782354000,-0.06464153500,0.01276989600,0.00256163250
etaWear,FEAC84C53DE7,1728464612783,2024-10-09T12:03:32.783,4.80000000000,0.99782354000,-0.06464153500,0.01276989600,0.00256163250
etaWear,FEAC84C53DE7,1728464612793,2024-10-09T12:03:32.793,4.81000000000,0.99782354000,-0.06464153500,0.01276989600,0.00256163250
etaWear,FEAC84C53DE7,1728464612803,2024-10-09T12:03:32.803,4.82000000000,0.99782354000,-0.06464153500,0.01276989600,0.00256163250
etaWear,FEAC84C53DE7,1728464612813,2024-10-09T12:03:32.813,4.83000000000,0.99782354000,-0.06464153500,0.01276989600,0.00256163250
etaWear,FEAC84C53DE7,1728464612823,2024-10-09T12:03:32.823,4.84000000000,0.99782354000,-0.06464153500,0.01276989600,0.00256163250
etaWear,FEAC84C53DE7,1728464612833,2024-10-09T12:03:32.833,4.85000000000,0.99782354000,-0.06464153500,0.01276989600,0.00256163250
etaWear,FEAC84C53DE7,1728464612853,2024-10-09T12:03:32.853,4.87000000000,0.99782354000,-0.06464153500,0.01276989600,0.00256163250
etaWear,FEAC84C53DE7,1728464612863,2024-10-09T12:03:32.863,4.88000000000,0.99782354000,-0.06464153500,0.01276989600,0.00256163250
etaWear,FEAC84C53DE7,1728464612873,2024-10-09T12:03:32.873,4.89000000000,0.99782354000,-0.06464153500,0.01276989600,0.00256163250
etaWear,FEAC84C53DE7,1728464612883,2024-10-09T12:03:32.883,4.90000000000,0.99782354000,-0.06464153500,0.01276989600,0.00256163250
etaWear,FEAC84C53DE7,1728464612893,2024-10-09T12:03:32.893,4.91000000000,0.99782354000,-0.06464153500,0.01276989600,0.00256163250
etaWear,FEAC84C53DE7,1728464612903,2024-10-09T12:03:32.903,4.92000000000,0.99782354000,-0.06464153500,0.01276989600,0.00256163250
etaWear,FEAC84C53DE7,1728464612913,2024-10-09T12:03:32.913,4.93000000000,0.99782354000,-0.06464153500,0.01276989600,0.00256163250
etaWear,FEAC84C53DE7,1728464612933,2024-10-09T12:03:32.933,4.95000000000,0.99782354000,-0.06464153500,0.01276989600,0.00256163250
etaWear,FEAC84C53DE7,1728464612943,2024-10-09T12:03:32.943,4.96000000000,0.99782354000,-0.06464153500,0.01276989600,0.00256163250
etaWear,FEAC84C53DE7,1728464612953,2024-10-09T12:03:32.953,4.97000000000,0.99782354000,-0.06464153500,0.01276989600,0.00256163250
etaWear,FEAC84C53DE7,1728464612963,2024-10-09T12:03:32.963,4.98000000000,0.99782354000,-0.06464153500,0.01276989600,0.00256163250
etaWear,FEAC84C53DE7,1728464612973,2024-10-09T12:03:32.973,4.99000000000,0.99782354000,-0.06464153500,0.01276989600,0.00256163250
etaWear,FEAC84C53DE7,1728464612983,2024-10-09T12:03:32.983,5.00000000000,0.99782354000,-0.06464153500,0.01276989600,0.00256163250
etaWear,FEAC84C53DE7,1728464613023,2024-10-09T12:03:33.023,5.04000000000,0.99782354000,-0.06464153500,0.01276989600,0.00256163250
etaWear,FEAC84C53DE7,1728464613033,2024-10-09T12:03:33.033,5.05000000000,0.99782354000,-0.06464153500,0.01276989600,0.00256163250
etaWear,FEAC84C53DE7,1728464613043,2024-10-09T12:03:33.043,5.06000000000,0.99782354000,-0.06464153500,0.01276989600,0.00256163250
etaWear,FEAC84C53DE7,1728464613063,2024-10-09T12:03:33.063,5.08000000000,0.99782354000,-0.06464153500,0.01276989600,0.00256163250
etaWear,FEAC84C53DE7,1728464613073,2024-10-09T12:03:33.073,5.09000000000,0.99782354000,-0.06464153500,0.01276989600,0.00256163250
etaWear,FEAC84C53DE7,1728464613093,2024-10-09T12:03:33.093,5.11000000000,0.99782354000,-0.06464153500,0.01276989600,0.00256163250
etaWear,FEAC84C53DE7,1728464613103,2024-10-09T12:03:33.103,5.12000000000,0.99782354000,-0.06464153500,0.01276989600,0.00256163250
etaWear,FEAC84C53DE7,1728464613113,2024-10-09T12:03:33.113,5.13000000000,0.99782354000,-0.06464153500,0.01276989600,0.00256163250
etaWear,FEAC84C53DE7,1728464613123,2024-10-09T12:03:33.123,5.14000000000,0.99782354000,-0.06464153500,0.01276989600,0.00256163250
etaWear,FEAC84C53DE7,1728464613133,2024-10-09T12:03:33.133,5.15000000000,0.99782354000,-0.06464153500,0.01276989600,0.00256163250
etaWear,FEAC84C53DE7,1728464613143,2024-10-09T12:03:33.143,5.16000000000,0.99782354000,-0.06464153500,0.01276989600,0.00256163250
etaWear,FEAC84C53DE7,1728464613153,2024-10-09T12:03:33.153,5.17000000000,0.99782354000,-0.06464153500,0.01276989600,0.00256163250
etaWear,FEAC84C53DE7,1728464613173,2024-10-09T12:03:33.173,5.19000000000,0.99782354000,-0.06464153500,0.01276989600,0.00256163250
etaWear,FEAC84C53DE7,1728464613183,2024-10-09T12:03:33.183,5.20000000000,0.99782354000,-0.06464153500,0.01276989600,0.00256163250
etaWear,FEAC84C53DE7,1728464613193,2024-10-09T12:03:33.193,5.21000000000,0.99782354000,-0.06464153500,0.01276989600,0.00256163250
etaWear,FEAC84C53DE7,1728464613203,2024-10-09T12:03:33.203,5.22000000000,0.99782354000,-0.06464153500,0.01276989600,0.00256163250
etaWear,FEAC84C53DE7,1728464613213,2024-10-09T12:03:33.213,5.23000000000,0.99782354000,-0.06464153500,0.01276989600,0.00256163250
etaWear,FEAC84C53DE7,1728464613223,2024-10-09T12:03:33.223,5.24000000000,0.99782354000,-0.06464153500,0.01276989600,0.00256163250
etaWear,FEAC84C53DE7,1728464613233,2024-10-09T12:03:33.233,5.25000000000,0.99782354000,-0.06464153500,0.01276989600,0.00256163250
etaWear,FEAC84C53DE7,1728464613243,2024-10-09T12:03:33.243,5.26000000000,0.99782354000,-0.06464153500,0.01276989600,0.00256163250
etaWear,FEAC84C53DE7,1728464613263,2024-10-09T12:03:33.263,5.28000000000,0.99782354000,-0.06464153500,0.01276989600,0.00256163250
etaWear,FEAC84C53DE7,1728464613273,2024-10-09T12:03:33.273,5.29000000000,0.99782354000,-0.06464153500,0.01276989600,0.00256163250
etaWear,FEAC84C53DE7,1728464613353,2024-10-09T12:03:33.353,5.37000000000,0.99782354000,-0.06464153500,0.01276989600,0.00256163250
etaWear,FEAC84C53DE7,1728464613363,2024-10-09T12:03:33.363,5.38000000000,0.99782354000,-0.06464153500,0.01276989600,0.00256163250
etaWear,FEAC84C53DE7,1728464613373,2024-10-09T12:03:33.373,5.39000000000,0.99782354000,-0.06464153500,0.01276989600,0.00256163250
etaWear,FEAC84C53DE7,1728464613383,2024-10-09T12:03:33.383,5.40000000000,0.99782354000,-0.06464153500,0.01276989600,0.00256163250
etaWear,FEAC84C53DE7,1728464613423,2024-10-09T12:03:33.423,5.44000000000,0.99782354000,-0.06464153500,0.01276989600,0.00256163250
etaWear,FEAC84C53DE7,1728464613443,2024-10-09T12:03:33.443,5.46000000000,0.99782354000,-0.06464153500,0.01276989600,0.00256163250
etaWear,FEAC84C53DE7,1728464613453,2024-10-09T12:03:33.453,5.47000000000,0.99782354000,-0.06464153500,0.01276989600,0.00256163250
etaWear,FEAC84C53DE7,1728464613463,2024-10-09T12:03:33.463,5.48000000000,0.99782354000,-0.06464153500,0.01276989600,0.00256163250
etaWear,FEAC84C53DE7,1728464613473,2024-10-09T12:03:33.473,5.49000000000,0.99782354000,-0.06464153500,0.01276989600,0.00256163250
etaWear,FEAC84C53DE7,1728464613483,2024-10-09T12:03:33.483,5.50000000000,0.99782354000,-0.06464153500,0.01276989600,0.00256163250
etaWear,FEAC84C53DE7,1728464613503,2024-10-09T12:03:33.503,5.52000000000,0.99782354000,-0.06464153500,0.01276989600,0.00256163250
etaWear,FEAC84C53DE7,1728464613513,2024-10-09T12:03:33.513,5.53000000000,0.99782354000,-0.06464153500,0.01276989600,0.00256163250
etaWear,FEAC84C53DE7,1728464613523,2024-10-09T12:03:33.523,5.54000000000,0.99782354000,-0.06464153500,0.01276989600,0.00256163250
etaWear,FEAC84C53DE7,1728464613533,2024-10-09T12:03:33.533,5.55000000000,0.99782354000,-0.06464153500,0.01276989600,0.00256163250
etaWear,FEAC84C53DE7,1728464613543,2024-10-09T12:03:33.543,5.56000000000,0.99782354000,-0.06464153500,0.01276989600,0.00256163250
etaWear,FEAC84C53DE7,1728464613553,2024-10-09T12:03:33.553,5.57000000000,0.99782354000,-0.06464153500,0.01276989600,0.00256163250
etaWear,FEAC84C53DE7,1728464613563,2024-10-09T12:03:33.563,5.58000000000,0.99782354000,-0.06464153500,0.01276989600,0.00256163250
etaWear,FEAC84C53DE7,1728464613583,2024-10-09T12:03:33.583,5.60000000000,0.99782354000,-0.06464153500,0.01276989600,0.00256163250
etaWear,FEAC84C53DE7,1728464613593,2024-10-09T12:03:33.593,5.61000000000,0.99782354000,-0.06464153500,0.01276989600,0.00256163250
etaWear,FEAC84C53DE7,1728464613603,2024-10-09T12:03:33.603,5.62000000000,0.99782354000,-0.06464153500,0.01276989600,0.00256163250
etaWear,FEAC84C53DE7,1728464613613,2024-10-09T12:03:33.613,5.63000000000,0.99782354000,-0.06464153500,0.01276989600,0.00256163250
etaWear,FEAC84C53DE7,1728464613623,2024-10-09T12:03:33.623,5.64000000000,0.99782354000,-0.06464153500,0.01276989600,0.00256163250
etaWear,FEAC84C53DE7,1728464613633,2024-10-09T12:03:33.633,5.65000000000,0.99782354000,-0.06464153500,0.01276989600,0.00256163250
etaWear,FEAC84C53DE7,1728464613643,2024-10-09T12:03:33.643,5.66000000000,0.99782354000,-0.06464153500,0.01276989600,0.00256163250
etaWear,FEAC84C53DE7,1728464613683,2024-10-09T12:03:33.683,5.70000000000,0.99782354000,-0.06464153500,0.01276989600,0.00256163250
etaWear,FEAC84C53DE7,1728464613693,2024-10-09T12:03:33.693,5.71000000000,0.99782354000,-0.06464153500,0.01276989600,0.00256163250
etaWear,FEAC84C53DE7,1728464613703,2024-10-09T12:03:33.703,5.72000000000,0.99782354000,-0.06464153500,0.01276989600,0.00256163250
etaWear,FEAC84C53DE7,1728464613713,2024-10-09T12:03:33.713,5.73000000000,0.99782354000,-0.06464153500,0.01276989600,0.00256163250
etaWear,FEAC84C53DE7,1728464613723,2024-10-09T12:03:33.723,5.74000000000,0.99782354000,-0.06464153500,0.01276989600,0.00256163250
etaWear,FEAC84C53DE7,1728464613743,2024-10-09T12:03:33.743,5.76000000000,0.99782354000,-0.06464153500,0.01276989600,0.00256163250
etaWear,FEAC84C53DE7,1728464613753,2024-10-09T12:03:33.753,5.77000000000,0.99782354000,-0.06464153500,0.01276989600,0.00256163250
etaWear,FEAC84C53DE7,1728464613763,2024-10-09T12:03:33.763,5.78000000000,0.99782354000,-0.06464153500,0.01276989600,0.00256163250
etaWear,FEAC84C53DE7,1728464613773,2024-10-09T12:03:33.773,5.79000000000,0.99782354000,-0.06464153500,0.01276989600,0.00256163250
etaWear,FEAC84C53DE7,1728464613783,2024-10-09T12:03:33.783,5.80000000000,0.99782354000,-0.06464153500,0.01276989600,0.00256163250
etaWear,FEAC84C53DE7,1728464613793,2024-10-09T12:03:33.793,5.81000000000,0.99782354000,-0.06464153500,0.01276989600,0.00256163250
etaWear,FEAC84C53DE7,1728464613803,2024-10-09T12:03:33.803,5.82000000000,0.99782354000,-0.06464153500,0.01276989600,0.00256163250
etaWear,FEAC84C53DE7,1728464613823,2024-10-09T12:03:33.823,5.84000000000,0.99782354000,-0.06464153500,0.01276989600,0.00256163250
etaWear,FEAC84C53DE7,1728464613843,2024-10-09T12:03:33.843,5.86000000000,0.99782354000,-0.06464153500,0.01276989600,0.00256163250
etaWear,FEAC84C53DE7,1728464613853,2024-10-09T12:03:33.853,5.87000000000,0.99782354000,-0.06464153500,0.01276989600,0.00256163250
etaWear,FEAC84C53DE7,1728464613863,2024-10-09T12:03:33.863,5.88000000000,0.99782354000,-0.06464153500,0.01276989600,0.00256163250
etaWear,FEAC84C53DE7,1728464613873,2024-10-09T12:03:33.873,5.89000000000,0.99782354000,-0.06464153500,0.01276989600,0.00256163250
etaWear,FEAC84C53DE7,1728464613883,2024-10-09T12:03:33.883,5.90000000000,0.99782354000,-0.06464153500,0.01276989600,0.00256163250
etaWear,FEAC84C53DE7,1728464613903,2024-10-09T12:03:33.903,5.92000000000,0.99782354000,-0.06464153500,0.01276989600,0.00256163250
etaWear,FEAC84C53DE7,1728464613913,2024-10-09T12:03:33.913,5.93000000000,0.99782354000,-0.06464153500,0.01276989600,0.00256163250
etaWear,FEAC84C53DE7,1728464613923,2024-10-09T12:03:33.923,5.94000000000,0.99782354000,-0.06464153500,0.01276989600,0.00256163250
etaWear,FEAC84C53DE7,1728464613933,2024-10-09T12:03:33.933,5.95000000000,0.99782354000,-0.06464153500,0.01276989600,0.00256163250
etaWear,FEAC84C53DE7,1728464613943,2024-10-09T12:03:33.943,5.96000000000,0.99782354000,-0.06464153500,0.01276989600,0.00256163250
etaWear,FEAC84C53DE7,1728464613953,2024-10-09T12:03:33.953,5.97000000000,0.99782354000,-0.06464153500,0.01276989600,0.00256163250
etaWear,FEAC84C53DE7,1728464613683,2024-10-09T12:03:33.683,5.70000000000,0.99782354000,-0.06464153500,0.01276989600,0.00256163250
etaWear,FEAC84C53DE7,1728464613693,2024-10-09T12:03:33.693,5.71000000000,0.99782354000,-0.06464153500,0.01276989600,0.00256163250
etaWear,FEAC84C53DE7,1728464613703,2024-10-09T12:03:33.703,5.72000000000,0.99782354000,-0.06464153500,0.01276989600,0.00256163250
etaWear,FEAC84C53DE7,1728464613713,2024-10-09T12:03:33.713,5.73000000000,0.99782354000,-0.06464153500,0.01276989600,0.00256163250
etaWear,FEAC84C53DE7,1728464613723,2024-10-09T12:03:33.723,5.74000000000,0.99782354000,-0.06464153500,0.01276989600,0.00256163250
etaWear,FEAC84C53DE7,1728464613743,2024-10-09T12:03:33.743,5.76000000000,0.99782354000,-0.06464153500,0.01276989600,0.00256163250
etaWear,FEAC84C53DE7,1728464613753,2024-10-09T12:03:33.753,5.77000000000,0.99782354000,-0.06464153500,0.01276989600,0.00256163250
etaWear,FEAC84C53DE7,1728464613763,2024-10-09T12:03:33.763,5.78000000000,0.99782354000,-0.06464153500,0.01276989600,0.00256163250
etaWear,FEAC84C53DE7,1728464613773,2024-10-09T12:03:33.773,5.79000000000,0.99782354000,-0.06464153500,0.01276989600,0.00256163250
etaWear,FEAC84C53DE7,1728464613783,2024-10-09T12:03:33.783,5.80000000000,0.99782354000,-0.06464153500,0.01276989600,0.00256163250
etaWear,FEAC84C53DE7,1728464613793,2024-10-09T12:03:33.793,5.81000000000,0.99782354000,-0.06464153500,0.01276989600,0.00256163250
etaWear,FEAC84C53DE7,1728464613803,2024-10-09T12:03:33.803,5.82000000000,0.99782354000,-0.06464153500,0.01276989600,0.00256163250
etaWear,FEAC84C53DE7,1728464613823,2024-10-09T12:03:33.823,5.84000000000,0.99782354000,-0.06464153500,0.01276989600,0.00256163250
etaWear,FEAC84C53DE7,1728464613843,2024-10-09T12:03:33.843,5.86000000000,0.99782354000,-0.06464153500,0.01276989600,0.00256163250
etaWear,FEAC84C53DE7,1728464613853,2024-10-09T12:03:33.853,5.87000000000,0.99782354000,-0.06464153500,0.01276989600,0.00256163250
etaWear,FEAC84C53DE7,1728464613863,2024-10-09T12:03:33.863,5.88000000000,0.99782354000,-0.06464153500,0.01276989600,0.00256163250
etaWear,FEAC84C53DE7,1728464613873,2024-10-09T12:03:33.873,5.89000000000,0.99782354000,-0.06464153500,0.01276989600,0.00256163250
etaWear,FEAC84C53DE7,1728464613883,2024-10-09T12:03:33.883,5.90000000000,0.99782354000,-0.06464153500,0.01276989600,0.00256163250
etaWear,FEAC84C53DE7,1728464613903,2024-10-09T12:03:33.903,5.92000000000,0.99782354000,-0.06464153500,0.01276989600,0.00256163250
etaWear,FEAC84C53DE7,1728464613913,2024-10-09T12:03:33.913,5.93000000000,0.99782354000,-0.06464153500,0.01276989600,0.00256163250
etaWear,FEAC84C53DE7,1728464613923,2024-10-09T12:03:33.923,5.94000000000,0.99782354000,-0.06464153500,0.01276989600,0.00256163250
etaWear,FEAC84C53DE7,1728464613933,2024-10-09T12:03:33.933,5.95000000000,0.99782354000,-0.06464153500,0.01276989600,0.00256163250
etaWear,FEAC84C53DE7,1728464613943,2024-10-09T12:03:33.943,5.96000000000,0.99782354000,-0.06464153500,0.01276989600,0.00256163250
etaWear,FEAC84C53DE7,1728464614403,2024-10-09T12:03:34.403,6.42000000000,0.99782354000,-0.06464153500,0.01276989600,0.00256163250
etaWear,FEAC84C53DE7,1728464614413,2024-10-09T12:03:34.413,6.43000000000,0.99782354000,-0.06464153500,0.01276989600,0.00256163250
etaWear,FEAC84C53DE7,1728464614423,2024-10-09T12:03:34.423,6.44000000000,0.99782354000,-0.06464153500,0.01276989600,0.00256163250
etaWear,FEAC84C53DE7,1728464614433,2024-10-09T12:03:34.433,6.45000000000,0.99782354000,-0.06464153500,0.01276989600,0.00256163250
etaWear,FEAC84C53DE7,1728464614443,2024-10-09T12:03:34.443,6.46000000000,0.99782354000,-0.06464153500,0.01276989600,0.00256163250
etaWear,FEAC84C53DE7,1728464614453,2024-10-09T12:03:34.453,6.47000000000,0.99782354000,-0.06464153500,0.01276989600,0.00256163250
etaWear,FEAC84C53DE7,1728464614473,2024-10-09T12:03:34.473,6.49000000000,0.99782354000,-0.06464153500,0.01276989600,0.00256163250
etaWear,FEAC84C53DE7,1728464614483,2024-10-09T12:03:34.483,6.50000000000,0.99782354000,-0.06464153500,0.01276989600,0.00256163250
etaWear,FEAC84C53DE7,1728464614493,2024-10-09T12:03:34.493,6.51000000000,0.99782354000,-0.06464153500,0.01276989600,0.00256163250
etaWear,FEAC84C53DE7,1728464614513,2024-10-09T12:03:34.513,6.53000000000,0.99782354000,-0.06464153500,0.01276989600,0.00256163250
etaWear,FEAC84C53DE7,1728464614523,2024-10-09T12:03:34.523,6.54000000000,0.99782354000,-0.06464153500,0.01276989600,0.00256163250
etaWear,FEAC84C53DE7,1728464614533,2024-10-09T12:03:34.533,6.55000000000,0.99782354000,-0.06464153500,0.01276989600,0.00256163250
etaWear,FEAC84C53DE7,1728464614553,2024-10-09T12:03:34.553,6.57000000000,0.99782354000,-0.06464153500,0.01276989600,0.00256163250
etaWear,FEAC84C53DE7,1728464614563,2024-10-09T12:03:34.563,6.58000000000,0.99782354000,-0.06464153500,0.01276989600,0.00256163250
etaWear,FEAC84C53DE7,1728464614573,2024-10-09T12:03:34.573,6.59000000000,0.99782354000,-0.06464153500,0.01276989600,0.00256163250
etaWear,FEAC84C53DE7,1728464614583,2024-10-09T12:03:34.583,6.60000000000,0.99782354000,-0.06464153500,0.01276989600,0.00256163250
etaWear,FEAC84C53DE7,1728464614593,2024-10-09T12:03:34.593,6.61000000000,0.99782354000,-0.06464153500,0.01276989600,0.00256163250
etaWear,FEAC84C53DE7,1728464614603,2024-10-09T12:03:34.603,6.62000000000,0.99782354000,-0.06464153500,0.01276989600,0.00256163250
etaWear,FEAC84C53DE7,1728464614613,2024-10-09T12:03:34.613,6.63000000000,0.99782354000,-0.06464153500,0.01276989600,0.00256163250
etaWear,FEAC84C53DE7,1728464614633,2024-10-09T12:03:34.633,6.65000000000,0.99782354000,-0.06464153500,0.01276989600,0.00256163250
etaWear,FEAC84C53DE7,1728464614643,2024-10-09T12:03:34.643,6.66000000000,0.99782354000,-0.06464153500,0.01276989600,0.00256163250
etaWear,FEAC84C53DE7,1728464614653,2024-10-09T12:03:34.653,6.67000000000,0.99782354000,-0.06464153500,0.01276989600,0.00256163250
etaWear,FEAC84C53DE7,1728464614663,2024-10-09T12:03:34.663,6.68000000000,0.99782354000,-0.06464153500,0.01276989600,0.00256163250
etaWear,FEAC84C53DE7,1728464614673,2024-10-09T12:03:34.673,6.69000000000,0.99782354000,-0.06464153500,0.01276989600,0.00256163250
etaWear,FEAC84C53DE7,1728464614683,2024-10-09T12:03:34.683,6.70000000000,0.99782354000,-0.06464153500,0.01276989600,0.00256163250
etaWear,FEAC84C53DE7,1728464614693,2024-10-09T12:03:34.693,6.71000000000,0.99782354000,-0.06464153500,0.01276989600,0.00256163250
etaWear,FEAC84C53DE7,1728464614713,2024-10-09T12:03:34.713,6.73000000000,0.99782354000,-0.06464153500,0.01276989600,0.00256163250
etaWear,FEAC84C53DE7,1728464614723,2024-10-09T12:03:34.723,6.74000000000,0.99782354000,-0.06464153500,0.01276989600,0.00256163250
etaWear,FEAC84C53DE7,1728464614733,2024-10-09T12:03:34.733,6.75000000000,0.99782354000,-0.06464153500,0.01276989600,0.00256163250
etaWear,FEAC84C53DE7,1728464614753,2024-10-09T12:03:34.753,6.77000000000,0.99782354000,-0.06464153500,0.01276989600,0.00256163250
etaWear,FEAC84C53DE7,1728464614763,2024-10-09T12:03:34.763,6.78000000000,0.99782354000,-0.06464153500,0.01276989600,0.00256163250
etaWear,FEAC84C53DE7,1728464614773,2024-10-09T12:03:34.773,6.79000000000,0.99782354000,-0.06464153500,0.01276989600,0.00256163250
etaWear,FEAC84C53DE7,1728464614793,2024-10-09T12:03:34.793,6.81000000000,0.99782354000,-0.06464153500,0.01276989600,0.00256163250
etaWear,FEAC84C53DE7,1728464614803,2024-10-09T12:03:34.803,6.82000000000,0.99782354000,-0.06464153500,0.01276989600,0.00256163250
etaWear,FEAC84C53DE7,1728464615063,2024-10-09T12:03:35.063,7.08000000000,0.99782354000,-0.06464153500,0.01276989600,0.00256163250
etaWear,FEAC84C53DE7,1728464615073,2024-10-09T12:03:35.073,7.09000000000,0.99782354000,-0.06464153500,0.01276989600,0.00256163250
etaWear,FEAC84C53DE7,1728464615083,2024-10-09T12:03:35.083,7.10000000000,0.99782354000,-0.06464153500,0.01276989600,0.00256163250
etaWear,FEAC84C53DE7,1728464615093,2024-10-09T12:03:35.093,7.11000000000,0.99782354000,-0.06464153500,0.01276989600,0.00256163250
etaWear,FEAC84C53DE7,1728464615113,2024-10-09T12:03:35.113,7.13000000000,0.99782354000,-0.06464153500,0.01276989600,0.00256163250
etaWear,FEAC84C53DE7,1728464615123,2024-10-09T12:03:35.123,7.14000000000,0.99782354000,-0.06464153500,0.01276989600,0.00256163250
etaWear,FEAC84C53DE7,1728464615133,2024-10-09T12:03:35.133,7.15000000000,0.99782354000,-0.06464153500,0.01276989600,0.00256163250
etaWear,FEAC84C53DE7,1728464615143,2024-10-09T12:03:35.143,7.16000000000,0.99782354000,-0.06464153500,0.01276989600,0.00256163250
etaWear,FEAC84C53DE7,1728464615153,2024-10-09T12:03:35.153,7.17000000000,0.99782354000,-0.06464153500,0.01276989600,0.00256163250
etaWear,FEAC84C53DE7,1728464615163,2024-10-09T12:03:35.163,7.18000000000,0.99782354000,-0.06464153500,0.01276989600,0.00256163250
etaWear,FEAC84C53DE7,1728464615173,2024-10-09T12:03:35.173,7.19000000000,0.99782354000,-0.06464153500,0.01276989600,0.00256163250
etaWear,FEAC84C53DE7,1728464615193,2024-10-09T12:03:35.193,7.21000000000,0.99782354000,-0.06464153500,0.01276989600,0.00256163250
etaWear,FEAC84C53DE7,1728464615203,2024-10-09T12:03:35.203,7.22000000000,0.99782354000,-0.06464153500,0.01276989600,0.00256163250
etaWear,FEAC84C53DE7,1728464615213,2024-10-09T12:03:35.213,7.23000000000,0.99782354000,-0.06464153500,0.01276989600,0.00256163250
etaWear,FEAC84C53DE7,1728464615223,2024-10-09T12:03:35.223,7.24000000000,0.99782354000,-0.06464153500,0.01276989600,0.00256163250
etaWear,FEAC84C53DE7,1728464615233,2024-10-09T12:03:35.233,7.25000000000,0.99782354000,-0.06464153500,0.01276989600,0.00256163250
etaWear,FEAC84C53DE7,1728464615243,2024-10-09T12:03:35.243,7.26000000000,0.99782354000,-0.06464153500,0.01276989600,0.00256163250
etaWear,FEAC84C53DE7,1728464615253,2024-10-09T12:03:35.253,7.27000000000,0.99782354000,-0.06464153500,0.01276989600,0.00256163250
etaWear,FEAC84C53DE7,1728464615273,2024-10-09T12:03:35.273,7.29000000000,0.99782354000,-0.06464153500,0.01276989600,0.00256163250
etaWear,FEAC84C53DE7,1728464615283,2024-10-09T12:03:35.283,7.30000000000,0.99782354000,-0.06464153500,0.01276989600,0.00256163250
etaWear,FEAC84C53DE7,1728464615293,2024-10-09T12:03:35.293,7.31000000000,0.99782354000,-0.06464153500,0.01276989600,0.00256163250
etaWear,FEAC84C53DE7,1728464615303,2024-10-09T12:03:35.303,7.32000000000,0.99782354000,-0.06464153500,0.01276989600,0.00256163250
etaWear,FEAC84C53DE7,1728464615313,2024-10-09T12:03:35.313,7.33000000000,0.99782354000,-0.06464153500,0.01276989600,0.00256163250
MetaWear,FEAC84C53DE7,1728464615323,2024-10-09T12:03:35.323,7.34000000000,0.99782354000,-0.06464153500,0.01276989600,0.00256163250
etaWear,FEAC84C53DE7,1728464615333,2024-10-09T12:03:35.333,7.35000000000,0.99782354000,-0.06464153500,0.01276989600,0.00256163250
etaWear,FEAC84C53DE7,1728464615353,2024-10-09T12:03:35.353,7.37000000000,0.99782354000,-0.06464153500,0.01276989600,0.00256163250
etaWear,FEAC84C53DE7,1728464615363,2024-10-09T12:03:35.363,7.38000000000,0.99782354000,-0.06464153500,0.01276989600,0.00256163250
etaWear,FEAC84C53DE7,1728464615373,2024-10-09T12:03:35.373,7.39000000000,0.99782354000,-0.06464153500,0.01276989600,0.00256163250
etaWear,FEAC84C53DE7,1728464615383,2024-10-09T12:03:35.383,7.40000000000,0.99782354000,-0.06464153500,0.01276989600,0.00256163250
etaWear,FEAC84C53DE7,1728464615393,2024-10-09T12:03:35.393,7.41000000000,0.99782354000,-0.06464153500,0.01276989600,0.00256163250
etaWear,FEAC84C53DE7,1728464615403,2024-10-09T12:03:35.403,7.42000000000,0.99782354000,-0.06464153500,0.01276989600,0.00256163250
etaWear,FEAC84C53DE7,1728464615413,2024-10-09T12:03:35.413,7.43000000000,0.99782354000,-0.06464153500,0.01276989600,0.00256163250
etaWear,FEAC84C53DE7,1728464615443,2024-10-09T12:03:35.443,7.46000000000,0.99782354000,-0.06464153500,0.01276989600,0.00256163250
etaWear,FEAC84C53DE7,1728464615453,2024-10-09T12:03:35.453,7.47000000000,0.99782354000,-0.06464153500,0.01276989600,0.00256163250
etaWear,FEAC84C53DE7,1728464615463,2024-10-09T12:03:35.463,7.48000000000,0.99782354000,-0.06464153500,0.01276989600,0.00256163250
etaWear,FEAC84C53DE7,1728464615473,2024-10-09T12:03:35.473,7.49000000000,0.99782354000,-0.06464153500,0.01276989600,0.00256163250
etaWear,FEAC84C53DE7,1728464615483,2024-10-09T12:03:35.483,7.50000000000,0.99782354000,-0.06464153500,0.01276989600,0.00256163250
etaWear,FEAC84C53DE7,1728464615493,2024-10-09T12:03:35.493,7.51000000000,0.99782354000,-0.06464153500,0.01276989600,0.00256163250
etaWear,FEAC84C53DE7,1728464615513,2024-10-09T12:03:35.513,7.53000000000,0.99782354000,-0.06464153500,0.01276989600,0.00256163250
etaWear,FEAC84C53DE7,1728464615523,2024-10-09T12:03:35.523,7.54000000000,0.99782354000,-0.06464153500,0.01276989600,0.00256163250
etaWear,FEAC84C53DE7,1728464615533,2024-10-09T12:03:35.533,7.55000000000,0.99782354000,-0.06464153500,0.01276989600,0.00256163250
etaWear,FEAC84C53DE7,1728464615543,2024-10-09T12:03:35.543,7.56000000000,0.99782354000,-0.06464153500,0.01276989600,0.00256163250
etaWear,FEAC84C53DE7,1728464615553,2024-10-09T12:03:35.553,7.57000000000,0.99782354000,-0.06464153500,0.01276989600,0.00256163250
etaWear,FEAC84C53DE7,1728464615563,2024-10-09T12:03:35.563,7.58000000000,0.99782354000,-0.06464153500,0.01276989600,0.00256163250
etaWear,FEAC84C53DE7,1728464615573,2024-10-09T12:03:35.573,7.59000000000,0.99782354000,-0.06464153500,0.01276989600,0.00256163250
etaWear,FEAC84C53DE7,1728464615593,2024-10-09T12:03:35.593,7.61000000000,0.99782354000,-0.06464153500,0.01276989600,0.00256163250
etaWear,FEAC84C53DE7,1728464615613,2024-10-09T12:03:35.613,7.63000000000,0.99782354000,-0.06464153500,0.01276989600,0.00256163250
etaWear,FEAC84C53DE7,1728464615623,2024-10-09T12:03:35.623,7.64000000000,0.99782354000,-0.06464153500,0.01276989600,0.00256163250
etaWear,FEAC84C53DE7,1728464615633,2024-10-09T12:03:35.633,7.65000000000,0.99782354000,-0.06464153500,0.01276989600,0.00256163250
etaWear,FEAC84C53DE7,1728464615643,2024-10-09T12:03:35.643,7.66000000000,0.99782354000,-0.06464153500,0.01276989600,0.00256163250
etaWear,FEAC84C53DE7,1728464615653,2024-10-09T12:03:35.653,7.67000000000,0.99782354000,-0.06464153500,0.01276989600,0.00256163250
etaWear,FEAC84C53DE7,1728464615673,2024-10-09T12:03:35.673,7.69000000000,0.99782354000,-0.06464153500,0.01276989600,0.00256163250
etaWear,FEAC84C53DE7,1728464615683,2024-10-09T12:03:35.683,7.70000000000,0.99782354000,-0.06464153500,0.01276989600,0.00256163250
etaWear,FEAC84C53DE7,1728464615693,2024-10-09T12:03:35.693,7.71000000000,0.99782354000,-0.06464153500,0.01276989600,0.00256163250
etaWear,FEAC84C53DE7,1728464615703,2024-10-09T12:03:35.703,7.72000000000,0.99782354000,-0.06464153500,0.01276989600,0.00256163250
etaWear,FEAC84C53DE7,1728464615713,2024-10-09T12:03:35.713,7.73000000000,0.99782354000,-0.06464153500,0.01276989600,0.00256163250
etaWear,FEAC84C53DE7,1728464615723,2024-10-09T12:03:35.723,7.74000000000,0.99782354000,-0.06464153500,0.01276989600,0.00256163250
etaWear,FEAC84C53DE7,1728464615733,2024-10-09T12:03:35.733,7.75000000000,0.99782354000,-0.06464153500,0.01276989600,0.00256163250
etaWear,FEAC84C53DE7,1728464615743,2024-10-09T12:03:35.743,7.76000000000,0.99782354000,-0.06464153500,0.01276989600,0.00256163250
etaWear,FEAC84C53DE7,1728464615863,2024-10-09T12:03:35.863,7.88000000000,0.99782354000,-0.06464153500,0.01276989600,0.00256163250
etaWear,FEAC84C53DE7,1728464615873,2024-10-09T12:03:35.873,7.89000000000,0.99782354000,-0.06464153500,0.01276989600,0.00256163250
etaWear,FEAC84C53DE7,1728464615893,2024-10-09T12:03:35.893,7.91000000000,0.99782354000,-0.06464153500,0.01276989600,0.00256163250
etaWear,FEAC84C53DE7,1728464615903,2024-10-09T12:03:35.903,7.92000000000,0.99782354000,-0.06464153500,0.01276989600,0.00256163250
etaWear,FEAC84C53DE7,1728464615923,2024-10-09T12:03:35.923,7.94000000000,0.99782354000,-0.06464153500,0.01276989600,0.00256163250
etaWear,FEAC84C53DE7,1728464615933,2024-10-09T12:03:35.933,7.95000000000,0.99782354000,-0.06464153500,0.01276989600,0.00256163250
etaWear,FEAC84C53DE7,1728464615943,2024-10-09T12:03:35.943,7.96000000000,0.99782354000,-0.06464153500,0.01276989600,0.00256163250
etaWear,FEAC84C53DE7,1728464615963,2024-10-09T12:03:35.963,7.98000000000,0.99782354000,-0.06464153500,0.01276989600,0.00256163250
etaWear,FEAC84C53DE7,1728464615973,2024-10-09T12:03:35.973,7.99000000000,0.99782354000,-0.06464153500,0.01276989600,0.00256163250
etaWear,FEAC84C53DE7,1728464616003,2024-10-09T12:03:36.003,8.02000000000,0.99782354000,-0.06464153500,0.01276989600,0.00256163250
etaWear,FEAC84C53DE7,1728464616013,2024-10-09T12:03:36.013,8.03000000000,0.99782354000,-0.06464153500,0.01276989600,0.00256163250
etaWear,FEAC84C53DE7,1728464616023,2024-10-09T12:03:36.023,8.04000000000,0.99782354000,-0.06464153500,0.01276989600,0.00256163250
etaWear,FEAC84C53DE7,1728464616033,2024-10-09T12:03:36.033,8.05000000000,0.99782354000,-0.06464153500,0.01276989600,0.00256163250
etaWear,FEAC84C53DE7,1728464616043,2024-10-09T12:03:36.043,8.06000000000,0.99782354000,-0.06464153500,0.01276989600,0.00256163250
etaWear,FEAC84C53DE7,1728464616053,2024-10-09T12:03:36.053,8.07000000000,0.99782354000,-0.06464153500,0.01276989600,0.00256163250
etaWear,FEAC84C53DE7,1728464616063,2024-10-09T12:03:36.063,8.08000000000,0.99782354000,-0.06464153500,0.01276989600,0.00256163250
etaWear,FEAC84C53DE7,1728464616083,2024-10-09T12:03:36.083,8.10000000000,0.99782354000,-0.06464153500,0.01276989600,0.00256163250
etaWear,FEAC84C53DE7,1728464616093,2024-10-09T12:03:36.093,8.11000000000,0.99782354000,-0.06464153500,0.01276989600,0.00256163250
etaWear,FEAC84C53DE7,1728464616103,2024-10-09T12:03:36.103,8.12000000000,0.99782354000,-0.06464153500,0.01276989600,0.00256163250
etaWear,FEAC84C53DE7,1728464616113,2024-10-09T12:03:36.113,8.13000000000,0.99782354000,-0.06464153500,0.01276989600,0.00256163250
etaWear,FEAC84C53DE7,1728464616123,2024-10-09T12:03:36.123,8.14000000000,0.99782354000,-0.06464153500,0.01276989600,0.00256163250
etaWear,FEAC84C53DE7,1728464616133,2024-10-09T12:03:36.133,8.15000000000,0.99782354000,-0.06464153500,0.01276989600,0.00256163250
etaWear,FEAC84C53DE7,1728464616143,2024-10-09T12:03:36.143,8.16000000000,0.99782354000,-0.06464153500,0.01276989600,0.00256163250
etaWear,FEAC84C53DE7,1728464616163,2024-10-09T12:03:36.163,8.18000000000,0.99782354000,-0.06464153500,0.01276989600,0.00256163250
etaWear,FEAC84C53DE7,1728464616173,2024-10-09T12:03:36.173,8.19000000000,0.99782354000,-0.06464153500,0.01276989600,0.00256163250
etaWear,FEAC84C53DE7,1728464616183,2024-10-09T12:03:36.183,8.20000000000,0.99782354000,-0.06464153500,0.01276989600,0.00256163250
etaWear,FEAC84C53DE7,1728464616193,2024-10-09T12:03:36.193,8.21000000000,0.99782354000,-0.06464153500,0.01276989600,0.00256163250
etaWear,FEAC84C53DE7,1728464616203,2024-10-09T12:03:36.203,8.22000000000,0.99782354000,-0.06464153500,0.01276989600,0.00256163250
etaWear,FEAC84C53DE7,1728464616213,2024-10-09T12:03:36.213,8.23000000000,0.99782354000,-0.06464153500,0.01276989600,0.00256163250
etaWear,FEAC84C53DE7,1728464615063,2024-10-09T12:03:35.063,7.08000000000,0.99782354000,-0.06464153500,0.01276989600,0.00256163250
etaWear,FEAC84C53DE7,1728464615073,2024-10-09T12:03:35.073,7.09000000000,0.99782354000,-0.06464153500,0.01276989600,0.00256163250
etaWear,FEAC84C53DE7,1728464615083,2024-10-09T12:03:35.083,7.10000000000,0.99782354000,-0.06464153500,0.01276989600,0.00256163250
etaWear,FEAC84C53DE7,1728464615093,2024-10-09T12:03:35.093,7.11000000000,0.99782354000,-0.06464153500,0.01276989600,0.00256163250
etaWear,FEAC84C53DE7,1728464615113,2024-10-09T12:03:35.113,7.13000000000,0.99782354000,-0.06464153500,0.01276989600,0.00256163250
etaWear,FEAC84C53DE7,1728464615123,2024-10-09T12:03:35.123,7.14000000000,0.99782354000,-0.06464153500,0.01276989600,0.00256163250
etaWear,FEAC84C53DE7,1728464615133,2024-10-09T12:03:35.133,7.15000000000,0.99782354000,-0.06464153500,0.01276989600,0.00256163250
etaWear,FEAC84C53DE7,1728464615143,2024-10-09T12:03:35.143,7.16000000000,0.99782354000,-0.06464153500,0.01276989600,0.00256163250
etaWear,FEAC84C53DE7,1728464615153,2024-10-09T12:03:35.153,7.17000000000,0.99782354000,-0.06464153500,0.01276989600,0.00256163250
etaWear,FEAC84C53DE7,1728464615163,2024-10-09T12:03:35.163,7.18000000000,0.99782354000,-0.06464153500,0.01276989600,0.00256163250
etaWear,FEAC84C53DE7,1728464615173,2024-10-09T12:03:35.173,7.19000000000,0.99782354000,-0.06464153500,0.01276989600,0.00256163250
etaWear,FEAC84C53DE7,1728464615193,2024-10-09T12:03:35.193,7.21000000000,0.99782354000,-0.06464153500,0.01276989600,0.00256163250
etaWear,FEAC84C53DE7,1728464615203,2024-10-09T12:03:35.203,7.22000000000,0.99782354000,-0.06464153500,0.01276989600,0.00256163250
etaWear,FEAC84C53DE7,1728464615213,2024-10-09T12:03:35.213,7.23000000000,0.99782354000,-0.06464153500,0.01276989600,0.00256163250
etaWear,FEAC84C53DE7,1728464615223,2024-10-09T12:03:35.223,7.24000000000,0.99782354000,-0.06464153500,0.01276989600,0.00256163250
etaWear,FEAC84C53DE7,1728464615233,2024-10-09T12:03:35.233,7.25000000000,0.99782354000,-0.06464153500,0.01276989600,0.00256163250
etaWear,FEAC84C53DE7,1728464615243,2024-10-09T12:03:35.243,7.26000000000,0.99782354000,-0.06464153500,0.01276989600,0.00256163250
etaWear,FEAC84C53DE7,1728464615253,2024-10-09T12:03:35.253,7.27000000000,0.99782354000,-0.06464153500,0.01276989600,0.00256163250
etaWear,FEAC84C53DE7,1728464615273,2024-10-09T12:03:35.273,7.29000000000,0.99782354000,-0.06464153500,0.01276989600,0.00256163250
etaWear,FEAC84C53DE7,1728464615283,2024-10-09T12:03:35.283,7.30000000000,0.99782354000,-0.06464153500,0.01276989600,0.00256163250
etaWear,FEAC84C53DE7,1728464615293,2024-10-09T12:03:35.293,7.31000000000,0.99782354000,-0.06464153500,0.01276989600,0.00256163250
etaWear,FEAC84C53DE7,1728464615303,2024-10-09T12:03:35.303,7.32000000000,0.99782354000,-0.06464153500,0.01276989600,0.00256163250
etaWear,FEAC84C53DE7,1728464616363,2024-10-09T12:03:36.363,8.38000000000,0.99782354000,-0.06464153500,0.01276989600,0.00256163250
etaWear,FEAC84C53DE7,1728464616373,2024-10-09T12:03:36.373,8.39000000000,0.99782354000,-0.06464153500,0.01276989600,0.00256163250
etaWear,FEAC84C53DE7,1728464616383,2024-10-09T12:03:36.383,8.40000000000,0.99782354000,-0.06464153500,0.01276989600,0.00256163250
etaWear,FEAC84C53DE7,1728464616403,2024-10-09T12:03:36.403,8.42000000000,0.99782354000,-0.06464153500,0.01276989600,0.00256163250
etaWear,FEAC84C53DE7,1728464616563,2024-10-09T12:03:36.563,8.58000000000,0.99782354000,-0.06464153500,0.01276989600,0.00256163250
etaWear,FEAC84C53DE7,1728464616573,2024-10-09T12:03:36.573,8.59000000000,0.99782354000,-0.06464153500,0.01276989600,0.00256163250
etaWear,FEAC84C53DE7,1728464616583,2024-10-09T12:03:36.583,8.60000000000,0.99782354000,-0.06464153500,0.01276989600,0.00256163250
etaWear,FEAC84C53DE7,1728464616593,2024-10-09T12:03:36.593,8.61000000000,0.99782354000,-0.06464153500,0.01276989600,0.00256163250
etaWear,FEAC84C53DE7,1728464616603,2024-10-09T12:03:36.603,8.62000000000,0.99782354000,-0.06464153500,0.01276989600,0.00256163250
etaWear,FEAC84C53DE7,1728464616613,2024-10-09T12:03:36.613,8.63000000000,0.99782354000,-0.06464153500,0.01276989600,0.00256163250
etaWear,FEAC84C53DE7,1728464616623,2024-10-09T12:03:36.623,8.64000000000,0.99782354000,-0.06464153500,0.01276989600,0.00256163250
etaWear,FEAC84C53DE7,1728464616643,2024-10-09T12:03:36.643,8.66000000000,0.99782354000,-0.06464153500,0.01276989600,0.00256163250
etaWear,FEAC84C53DE7,1728464616653,2024-10-09T12:03:36.653,8.67000000000,0.99782354000,-0.06464153500,0.01276989600,0.00256163250
etaWear,FEAC84C53DE7,1728464616663,2024-10-09T12:03:36.663,8.68000000000,0.99782354000,-0.06464153500,0.01276989600,0.00256163250
etaWear,FEAC84C53DE7,1728464616673,2024-10-09T12:03:36.673,8.69000000000,0.99782354000,-0.06464153500,0.01276989600,0.00256163250
etaWear,FEAC84C53DE7,1728464616683,2024-10-09T12:03:36.683,8.70000000000,0.99782354000,-0.06464153500,0.01276989600,0.00256163250
etaWear,FEAC84C53DE7,1728464616693,2024-10-09T12:03:36.693,8.71000000000,0.99782354000,-0.06464153500,0.01276989600,0.00256163250
etaWear,FEAC84C53DE7,1728464616703,2024-10-09T12:03:36.703,8.72000000000,0.99782354000,-0.06464153500,0.01276989600,0.00256163250
etaWear,FEAC84C53DE7,1728464616723,2024-10-09T12:03:36.723,8.74000000000,0.99782354000,-0.06464153500,0.01276989600,0.00256163250
etaWear,FEAC84C53DE7,1728464616733,2024-10-09T12:03:36.733,8.75000000000,0.99782354000,-0.06464153500,0.01276989600,0.00256163250
etaWear,FEAC84C53DE7,1728464616743,2024-10-09T12:03:36.743,8.76000000000,0.99782354000,-0.06464153500,0.01276989600,0.00256163250
etaWear,FEAC84C53DE7,1728464616753,2024-10-09T12:03:36.753,8.77000000000,0.99782354000,-0.06464153500,0.01276989600,0.00256163250
etaWear,FEAC84C53DE7,1728464616763,2024-10-09T12:03:36.763,8.78000000000,0.99782354000,-0.06464153500,0.01276989600,0.00256163250
etaWear,FEAC84C53DE7,1728464616773,2024-10-09T12:03:36.773,8.79000000000,0.99782354000,-0.06464153500,0.01276989600,0.00256163250
etaWear,FEAC84C53DE7,1728464616803,2024-10-09T12:03:36.803,8.82000000000,0.99782354000,-0.06464153500,0.01276989600,0.00256163250
etaWear,FEAC84C53DE7,1728464616813,2024-10-09T12:03:36.813,8.83000000000,0.99782354000,-0.06464153500,0.01276989600,0.00256163250
etaWear,FEAC84C53DE7,1728464616823,2024-10-09T12:03:36.823,8.84000000000,0.99782354000,-0.06464153500,0.01276989600,0.00256163250
etaWear,FEAC84C53DE7,1728464616863,2024-10-09T12:03:36.863,8.88000000000,0.99782354000,-0.06464153500,0.01276989600,0.00256163250
etaWear,FEAC84C53DE7,1728464616883,2024-10-09T12:03:36.883,8.90000000000,0.99782354000,-0.06464153500,0.01276989600,0.00256163250
etaWear,FEAC84C53DE7,1728464616893,2024-10-09T12:03:36.893,8.91000000000,0.99782354000,-0.06464153500,0.01276989600,0.00256163250
etaWear,FEAC84C53DE7,1728464616903,2024-10-09T12:03:36.903,8.92000000000,0.99782354000,-0.06464153500,0.01276989600,0.00256163250
etaWear,FEAC84C53DE7,1728464616913,2024-10-09T12:03:36.913,8.93000000000,0.99782354000,-0.06464153500,0.01276989600,0.00256163250
etaWear,FEAC84C53DE7,1728464616923,2024-10-09T12:03:36.923,8.94000000000,0.99782354000,-0.06464153500,0.01276989600,0.00256163250
etaWear,FEAC84C53DE7,1728464616933,2024-10-09T12:03:36.933,8.95000000000,0.99782354000,-0.06464153500,0.01276989600,0.00256163250
etaWear,FEAC84C53DE7,1728464616943,2024-10-09T12:03:36.943,8.96000000000,0.99782354000,-0.06464153500,0.01276989600,0.00256163250
etaWear,FEAC84C53DE7,1728464616963,2024-10-09T12:03:36.963,8.98000000000,0.99782354000,-0.06464153500,0.01276989600,0.00256163250
etaWear,FEAC84C53DE7,1728464616973,2024-10-09T12:03:36.973,8.99000000000,0.99782354000,-0.06464153500,0.01276989600,0.00256163250
etaWear,FEAC84C53DE7,1728464616983,2024-10-09T12:03:36.983,9.00000000000,0.99782354000,-0.06464153500,0.01276989600,0.00256163250
etaWear,FEAC84C53DE7,1728464616993,2024-10-09T12:03:36.993,9.01000000000,0.99782354000,-0.06464153500,0.01276989600,0.00256163250
etaWear,FEAC84C53DE7,1728464617003,2024-10-09T12:03:37.003,9.02000000000,0.99782354000,-0.06464153500,0.01276989600,0.00256163250
etaWear,FEAC84C53DE7,1728464617013,2024-10-09T12:03:37.013,9.03000000000,0.99782354000,-0.06464153500,0.01276989600,0.00256163250
etaWear,FEAC84C53DE7,1728464617023,2024-10-09T12:03:37.023,9.04000000000,0.99782354000,-0.06464153500,0.01276989600,0.00256163250
etaWear,FEAC84C53DE7,1728464617033,2024-10-09T12:03:37.033,9.05000000000,0.99782354000,-0.06464153500,0.01276989600,0.00256163250
etaWear,FEAC84C53DE7,1728464617053,2024-10-09T12:03:37.053,9.07000000000,0.99782354000,-0.06464153500,0.01276989600,0.00256163250
etaWear,FEAC84C53DE7,1728464617063,2024-10-09T12:03:37.063,9.08000000000,0.99782354000,-0.06464153500,0.01276989600,0.00256163250
etaWear,FEAC84C53DE7,1728464617073,2024-10-09T12:03:37.073,9.09000000000,0.99782354000,-0.06464153500,0.01276989600,0.00256163250
etaWear,FEAC84C53DE7,1728464617083,2024-10-09T12:03:37.083,9.10000000000,0.99782354000,-0.06464153500,0.01276989600,0.00256163250
etaWear,FEAC84C53DE7,1728464617093,2024-10-09T12:03:37.093,9.11000000000,0.99782354000,-0.06464153500,0.01276989600,0.00256163250
etaWear,FEAC84C53DE7,1728464617103,2024-10-09T12:03:37.103,9.12000000000,0.99782354000,-0.06464153500,0.01276989600,0.00256163250
etaWear,FEAC84C53DE7,1728464617113,2024-10-09T12:03:37.113,9.13000000000,0.99782354000,-0.06464153500,0.01276989600,0.00256163250
etaWear,FEAC84C53DE7,1728464617433,2024-10-09T12:03:37.433,9.45000000000,0.99782354000,-0.06464153500,0.01276989600,0.00256163250
etaWear,FEAC84C53DE7,1728464617453,2024-10-09T12:03:37.453,9.47000000000,0.99782354000,-0.06464153500,0.01276989600,0.00256163250
etaWear,FEAC84C53DE7,1728464617463,2024-10-09T12:03:37.463,9.48000000000,0.99782354000,-0.06464153500,0.01276989600,0.00256163250
etaWear,FEAC84C53DE7,1728464617473,2024-10-09T12:03:37.473,9.49000000000,0.99782354000,-0.06464153500,0.01276989600,0.00256163250
etaWear,FEAC84C53DE7,1728464617483,2024-10-09T12:03:37.483,9.50000000000,0.99782354000,-0.06464153500,0.01276989600,0.00256163250
etaWear,FEAC84C53DE7,1728464617493,2024-10-09T12:03:37.493,9.51000000000,0.99782354000,-0.06464153500,0.01276989600,0.00256163250
etaWear,FEAC84C53DE7,1728464617503,2024-10-09T12:03:37.503,9.52000000000,0.99782354000,-0.06464153500,0.01276989600,0.00256163250
etaWear,FEAC84C53DE7,1728464617533,2024-10-09T12:03:37.533,9.55000000000,0.99782354000,-0.06464153500,0.01276989600,0.00256163250
etaWear,FEAC84C53DE7,1728464617543,2024-10-09T12:03:37.543,9.56000000000,0.99782354000,-0.06464153500,0.01276989600,0.00256163250
etaWear,FEAC84C53DE7,1728464617553,2024-10-09T12:03:37.553,9.57000000000,0.99782354000,-0.06464153500,0.01276989600,0.00256163250
etaWear,FEAC84C53DE7,1728464617563,2024-10-09T12:03:37.563,9.58000000000,0.99782354000,-0.06464153500,0.01276989600,0.00256163250
etaWear,FEAC84C53DE7,1728464617573,2024-10-09T12:03:37.573,9.59000000000,0.99782354000,-0.06464153500,0.01276989600,0.00256163250
etaWear,FEAC84C53DE7,1728464617583,2024-10-09T12:03:37.583,9.60000000000,0.99782354000,-0.06464153500,0.01276989600,0.00256163250
etaWear,FEAC84C53DE7,1728464617593,2024-10-09T12:03:37.593,9.61000000000,0.99782354000,-0.06464153500,0.01276989600,0.00256163250
etaWear,FEAC84C53DE7,1728464617613,2024-10-09T12:03:37.613,9.63000000000,0.99782354000,-0.06464153500,0.01276989600,0.00256163250
etaWear,FEAC84C53DE7,1728464617653,2024-10-09T12:03:37.653,9.67000000000,0.99782354000,-0.06464153500,0.01276989600,0.00256163250
etaWear,FEAC84C53DE7,1728464617663,2024-10-09T12:03:37.663,9.68000000000,0.99782354000,-0.06464153500,0.01276989600,0.00256163250
etaWear,FEAC84C53DE7,1728464617673,2024-10-09T12:03:37.673,9.69000000000,0.99782354000,-0.06464153500,0.01276989600,0.00256163250
etaWear,FEAC84C53DE7,1728464617693,2024-10-09T12:03:37.693,9.71000000000,0.99782354000,-0.06464153500,0.01276989600,0.00256163250
etaWear,FEAC84C53DE7,1728464617703,2024-10-09T12:03:37.703,9.72000000000,0.99782354000,-0.06464153500,0.01276989600,0.00256163250
etaWear,FEAC84C53DE7,1728464617713,2024-10-09T12:03:37.713,9.73000000000,0.99782354000,-0.06464153500,0.01276989600,0.00256163250
etaWear,FEAC84C53DE7,1728464617723,2024-10-09T12:03:37.723,9.74000000000,0.99782354000,-0.06464153500,0.01276989600,0.00256163250
etaWear,FEAC84C53DE7,1728464617773,2024-10-09T12:03:37.773,9.79000000000,0.99782354000,-0.06464153500,0.01276989600,0.00256163250
etaWear,FEAC84C53DE7,1728464617783,2024-10-09T12:03:37.783,9.80000000000,0.99782354000,-0.06464153500,0.01276989600,0.00256163250
etaWear,FEAC84C53DE7,1728464617803,2024-10-09T12:03:37.803,9.82000000000,0.99782354000,-0.06464153500,0.01276989600,0.00256163250
etaWear,FEAC84C53DE7,1728464617813,2024-10-09T12:03:37.813,9.83000000000,0.99782354000,-0.06464153500,0.01276989600,0.00256163250
etaWear,FEAC84C53DE7,1728464617823,2024-10-09T12:03:37.823,9.84000000000,0.99782354000,-0.06464153500,0.01276989600,0.00256163250
etaWear,FEAC84C53DE7,1728464617853,2024-10-09T12:03:37.853,9.87000000000,0.99782354000,-0.06464153500,0.01276989600,0.00256163250
etaWear,FEAC84C53DE7,1728464617863,2024-10-09T12:03:37.863,9.88000000000,0.99782354000,-0.06464153500,0.01276989600,0.00256163250
etaWear,FEAC84C53DE7,1728464617873,2024-10-09T12:03:37.873,9.89000000000,0.99782354000,-0.06464153500,0.01276989600,0.00256163250
etaWear,FEAC84C53DE7,1728464617883,2024-10-09T12:03:37.883,9.90000000000,0.99782354000,-0.06464153500,0.01276989600,0.00256163250
etaWear,FEAC84C53DE7,1728464617893,2024-10-09T12:03:37.893,9.91000000000,0.99782354000,-0.06464153500,0.01276989600,0.00256163250
etaWear,FEAC84C53DE7,1728464617903,2024-10-09T12:03:37.903,9.92000000000,0.99782354000,-0.06464153500,0.01276989600,0.00256163250
etaWear,FEAC84C53DE7,1728464617913,2024-10-09T12:03:37.913,9.93000000000,0.99782354000,-0.06464153500,0.01276989600,0.00256163250
etaWear,FEAC84C53DE7,1728464617933,2024-10-09T12:03:37.933,9.95000000000,0.99782354000,-0.06464153500,0.01276989600,0.00256163250
etaWear,FEAC84C53DE7,1728464617943,2024-10-09T12:03:37.943,9.96000000000,0.99782354000,-0.06464153500,0.01276989600,0.00256163250
etaWear,FEAC84C53DE7,1728464617953,2024-10-09T12:03:37.953,9.97000000000,0.99782354000,-0.06464153500,0.01276989600,0.00256163250
etaWear,FEAC84C53DE7,1728464617963,2024-10-09T12:03:37.963,9.98000000000,0.99782354000,-0.06464153500,0.01276989600,0.00256163250
etaWear,FEAC84C53DE7,1728464618053,2024-10-09T12:03:38.053,10.07000000000,0.99782354000,-0.06464153500,0.01276989600,0.00256163250
etaWear,FEAC84C53DE7,1728464618063,2024-10-09T12:03:38.063,10.08000000000,0.99782354000,-0.06464153500,0.01276989600,0.00256163250
etaWear,FEAC84C53DE7,1728464618073,2024-10-09T12:03:38.073,10.09000000000,0.99782354000,-0.06464153500,0.01276989600,0.00256163250
etaWear,FEAC84C53DE7,1728464618093,2024-10-09T12:03:38.093,10.11000000000,0.99782354000,-0.06464153500,0.01276989600,0.00256163250
etaWear,FEAC84C53DE7,1728464618103,2024-10-09T12:03:38.103,10.12000000000,0.99782354000,-0.06464153500,0.01276989600,0.00256163250
etaWear,FEAC84C53DE7,1728464618113,2024-10-09T12:03:38.113,10.13000000000,0.99782354000,-0.06464153500,0.01276989600,0.00256163250
etaWear,FEAC84C53DE7,1728464618123,2024-10-09T12:03:38.123,10.14000000000,0.99782354000,-0.06464153500,0.01276989600,0.00256163250
etaWear,FEAC84C53DE7,1728464618133,2024-10-09T12:03:38.133,10.15000000000,0.99782354000,-0.06464153500,0.01276989600,0.00256163250
etaWear,FEAC84C53DE7,1728464618153,2024-10-09T12:03:38.153,10.17000000000,0.99782354000,-0.06464153500,0.01276989600,0.00256163250
etaWear,FEAC84C53DE7,1728464618173,2024-10-09T12:03:38.173,10.19000000000,0.99782354000,-0.06464153500,0.01276989600,0.00256163250
etaWear,FEAC84C53DE7,1728464618183,2024-10-09T12:03:38.183,10.20000000000,0.99782354000,-0.06464153500,0.01276989600,0.00256163250
etaWear,FEAC84C53DE7,1728464618193,2024-10-09T12:03:38.193,10.21000000000,0.99782354000,-0.06464153500,0.01276989600,0.00256163250
etaWear,FEAC84C53DE7,1728464618203,2024-10-09T12:03:38.203,10.22000000000,0.99782354000,-0.06464153500,0.01276989600,0.00256163250
etaWear,FEAC84C53DE7,1728464618213,2024-10-09T12:03:38.213,10.23000000000,0.99782354000,-0.06464153500,0.01276989600,0.00256163250
etaWear,FEAC84C53DE7,1728464618233,2024-10-09T12:03:38.233,10.25000000000,0.99782354000,-0.06464153500,0.01276989600,0.00256163250
etaWear,FEAC84C53DE7,1728464618243,2024-10-09T12:03:38.243,10.26000000000,0.99782354000,-0.06464153500,0.01276989600,0.00256163250
etaWear,FEAC84C53DE7,1728464618263,2024-10-09T12:03:38.263,10.28000000000,0.99782354000,-0.06464153500,0.01276989600,0.00256163250
etaWear,FEAC84C53DE7,1728464618273,2024-10-09T12:03:38.273,10.29000000000,0.99782354000,-0.06464153500,0.01276989600,0.00256163250
etaWear,FEAC84C53DE7,1728464618283,2024-10-09T12:03:38.283,10.30000000000,0.99782354000,-0.06464153500,0.01276989600,0.00256163250
etaWear,FEAC84C53DE7,1728464618293,2024-10-09T12:03:38.293,10.31000000000,0.99782354000,-0.06464153500,0.01276989600,0.00256163250
etaWear,FEAC84C53DE7,1728464618303,2024-10-09T12:03:38.303,10.32000000000,0.99782354000,-0.06464153500,0.01276989600,0.00256163250
etaWear,FEAC84C53DE7,1728464618353,2024-10-09T12:03:38.353,10.37000000000,0.99782354000,-0.06464153500,0.01276989600,0.00256163250
etaWear,FEAC84C53DE7,1728464618363,2024-10-09T12:03:38.363,10.38000000000,0.99782354000,-0.06464153500,0.01276989600,0.00256163250
etaWear,FEAC84C53DE7,1728464618373,2024-10-09T12:03:38.373,10.39000000000,0.99782354000,-0.06464153500,0.01276989600,0.00256163250
etaWear,FEAC84C53DE7,1728464618383,2024-10-09T12:03:38.383,10.40000000000,0.99782354000,-0.06464153500,0.01276989600,0.00256163250
etaWear,FEAC84C53DE7,1728464618393,2024-10-09T12:03:38.393,10.41000000000,0.99782354000,-0.06464153500,0.01276989600,0.00256163250
etaWear,FEAC84C53DE7,1728464618403,2024-10-09T12:03:38.403,10.42000000000,0.99782354000,-0.06464153500,0.01276989600,0.00256163250
etaWear,FEAC84C53DE7,1728464618423,2024-10-09T12:03:38.423,10.44000000000,0.99782354000,-0.06464153500,0.01276989600,0.00256163250
etaWear,FEAC84C53DE7,1728464618433,2024-10-09T12:03:38.433,10.45000000000,0.99782354000,-0.06464153500,0.01276989600,0.00256163250
etaWear,FEAC84C53DE7,1728464618443,2024-10-09T12:03:38.443,10.46000000000,0.99782354000,-0.06464153500,0.01276989600,0.00256163250
etaWear,FEAC84C53DE7,1728464618453,2024-10-09T12:03:38.453,10.47000000000,0.99782354000,-0.06464153500,0.01276989600,0.00256163250
etaWear,FEAC84C53DE7,1728464618463,2024-10-09T12:03:38.463,10.48000000000,0.99782354000,-0.06464153500,0.01276989600,0.00256163250
etaWear,FEAC84C53DE7,1728464618473,2024-10-09T12:03:38.473,10.49000000000,0.99782354000,-0.06464153500,0.01276989600,0.00256163250
etaWear,FEAC84C53DE7,1728464618503,2024-10-09T12:03:38.503,10.52000000000,0.99782354000,-0.06464153500,0.01276989600,0.00256163250
etaWear,FEAC84C53DE7,1728464618513,2024-10-09T12:03:38.513,10.53000000000,0.99782354000,-0.06464153500,0.01276989600,0.00256163250
etaWear,FEAC84C53DE7,1728464618523,2024-10-09T12:03:38.523,10.54000000000,0.99782354000,-0.06464153500,0.01276989600,0.00256163250
etaWear,FEAC84C53DE7,1728464618533,2024-10-09T12:03:38.533,10.55000000000,0.99782354000,-0.06464153500,0.01276989600,0.00256163250
etaWear,FEAC84C53DE7,1728464618563,2024-10-09T12:03:38.563,10.58000000000,0.99782354000,-0.06464153500,0.01276989600,0.00256163250
etaWear,FEAC84C53DE7,1728464618583,2024-10-09T12:03:38.583,10.60000000000,0.99782354000,-0.06464153500,0.01276989600,0.00256163250
etaWear,FEAC84C53DE7,1728464618593,2024-10-09T12:03:38.593,10.61000000000,0.99782354000,-0.06464153500,0.01276989600,0.00256163250
etaWear,FEAC84C53DE7,1728464618603,2024-10-09T12:03:38.603,10.62000000000,0.99782354000,-0.06464153500,0.01276989600,0.00256163250
etaWear,FEAC84C53DE7,1728464618613,2024-10-09T12:03:38.613,10.63000000000,0.99782354000,-0.06464153500,0.01276989600,0.00256163250
etaWear,FEAC84C53DE7,1728464618623,2024-10-09T12:03:38.623,10.64000000000,0.99782354000,-0.06464153500,0.01276989600,0.00256163250
etaWear,FEAC84C53DE7,1728464618633,2024-10-09T12:03:38.633,10.65000000000,0.99782354000,-0.06464153500,0.01276989600,0.00256163250
etaWear,FEAC84C53DE7,1728464618643,2024-10-09T12:03:38.643,10.66000000000,0.99782354000,-0.06464153500,0.01276989600,0.00256163250
etaWear,FEAC84C53DE7,1728464618663,2024-10-09T12:03:38.663,10.68000000000,0.99782354000,-0.06464153500,0.01276989600,0.00256163250
etaWear,FEAC84C53DE7,1728464618793,2024-10-09T12:03:38.793,10.81000000000,0.99782354000,-0.06464153500,0.01276989600,0.00256163250
etaWear,FEAC84C53DE7,1728464618803,2024-10-09T12:03:38.803,10.82000000000,0.99782354000,-0.06464153500,0.01276989600,0.00256163250
etaWear,FEAC84C53DE7,1728464618823,2024-10-09T12:03:38.823,10.84000000000,0.99782354000,-0.06464153500,0.01276989600,0.00256163250
etaWear,FEAC84C53DE7,1728464618833,2024-10-09T12:03:38.833,10.85000000000,0.99782354000,-0.06464153500,0.01276989600,0.00256163250
etaWear,FEAC84C53DE7,1728464618843,2024-10-09T12:03:38.843,10.86000000000,0.99782354000,-0.06464153500,0.01276989600,0.00256163250
etaWear,FEAC84C53DE7,1728464618853,2024-10-09T12:03:38.853,10.87000000000,0.99782354000,-0.06464153500,0.01276989600,0.00256163250
etaWear,FEAC84C53DE7,1728464618863,2024-10-09T12:03:38.863,10.88000000000,0.99782354000,-0.06464153500,0.01276989600,0.00256163250
etaWear,FEAC84C53DE7,1728464618873,2024-10-09T12:03:38.873,10.89000000000,0.99782354000,-0.06464153500,0.01276989600,0.00256163250
etaWear,FEAC84C53DE7,1728464618883,2024-10-09T12:03:38.883,10.90000000000,0.99782354000,-0.06464153500,0.01276989600,0.00256163250
etaWear,FEAC84C53DE7,1728464618903,2024-10-09T12:03:38.903,10.92000000000,0.99782354000,-0.06464153500,0.01276989600,0.00256163250
etaWear,FEAC84C53DE7,1728464618913,2024-10-09T12:03:38.913,10.93000000000,0.99782354000,-0.06464153500,0.01276989600,0.00256163250
etaWear,FEAC84C53DE7,1728464618923,2024-10-09T12:03:38.923,10.94000000000,0.99782354000,-0.06464153500,0.01276989600,0.00256163250
etaWear,FEAC84C53DE7,1728464618933,2024-10-09T12:03:38.933,10.95000000000,0.99782354000,-0.06464153500,0.01276989600,0.00256163250
etaWear,FEAC84C53DE7,1728464618943,2024-10-09T12:03:38.943,10.96000000000,0.99782354000,-0.06464153500,0.01276989600,0.00256163250
etaWear,FEAC84C53DE7,1728464618953,2024-10-09T12:03:38.953,10.97000000000,0.99782354000,-0.06464153500,0.01276989600,0.00256163250
etaWear,FEAC84C53DE7,1728464618963,2024-10-09T12:03:38.963,10.98000000000,0.99782354000,-0.06464153500,0.01276989600,0.00256163250
etaWear,FEAC84C53DE7,1728464618983,2024-10-09T12:03:38.983,11.00000000000,0.99782354000,-0.06464153500,0.01276989600,0.00256163250
etaWear,FEAC84C53DE7,1728464618993,2024-10-09T12:03:38.993,11.01000000000,0.99782354000,-0.06464153500,0.01276989600,0.00256163250
etaWear,FEAC84C53DE7,1728464619003,2024-10-09T12:03:39.003,11.02000000000,0.99782354000,-0.06464153500,0.01276989600,0.00256163250
etaWear,FEAC84C53DE7,1728464619013,2024-10-09T12:03:39.013,11.03000000000,0.99782354000,-0.06464153500,0.01276989600,0.00256163250
etaWear,FEAC84C53DE7,1728464619023,2024-10-09T12:03:39.023,11.04000000000,0.99782354000,-0.06464153500,0.01276989600,0.00256163250
MetaWear,FEAC84C53DE7,1728464619033,2024-10-09T12:03:39.033,11.05000000000,0.99782354000,-0.06464153500,0.01276989600,0.00256163250
etaWear,FEAC84C53DE7,1728464619043,2024-10-09T12:03:39.043,11.06000000000,0.99782354000,-0.06464153500,0.01276989600,0.00256163250
etaWear,FEAC84C53DE7,1728464619073,2024-10-09T12:03:39.073,11.09000000000,0.99782354000,-0.06464153500,0.01276989600,0.00256163250
etaWear,FEAC84C53DE7,1728464619083,2024-10-09T12:03:39.083,11.10000000000,0.99782354000,-0.06464153500,0.01276989600,0.00256163250
etaWear,FEAC84C53DE7,1728464619093,2024-10-09T12:03:39.093,11.11000000000,0.99782354000,-0.06464153500,0.01276989600,0.00256163250
etaWear,FEAC84C53DE7,1728464619103,2024-10-09T12:03:39.103,11.12000000000,0.99782354000,-0.06464153500,0.01276989600,0.00256163250
etaWear,FEAC84C53DE7,1728464619113,2024-10-09T12:03:39.113,11.13000000000,0.99782354000,-0.06464153500,0.01276989600,0.00256163250
etaWear,FEAC84C53DE7,1728464619123,2024-10-09T12:03:39.123,11.14000000000,0.99782354000,-0.06464153500,0.01276989600,0.00256163250
etaWear,FEAC84C53DE7,1728464619143,2024-10-09T12:03:39.143,11.16000000000,0.99782354000,-0.06464153500,0.01276989600,0.00256163250
etaWear,FEAC84C53DE7,1728464619153,2024-10-09T12:03:39.153,11.17000000000,0.99782354000,-0.06464153500,0.01276989600,0.00256163250
etaWear,FEAC84C53DE7,1728464619163,2024-10-09T12:03:39.163,11.18000000000,0.99782354000,-0.06464153500,0.01276989600,0.00256163250
etaWear,FEAC84C53DE7,1728464619173,2024-10-09T12:03:39.173,11.19000000000,0.99782354000,-0.06464153500,0.01276989600,0.00256163250
etaWear,FEAC84C53DE7,1728464619183,2024-10-09T12:03:39.183,11.20000000000,0.99782354000,-0.06464153500,0.01276989600,0.00256163250
etaWear,FEAC84C53DE7,1728464619203,2024-10-09T12:03:39.203,11.22000000000,0.99782354000,-0.06464153500,0.01276989600,0.00256163250
etaWear,FEAC84C53DE7,1728464619223,2024-10-09T12:03:39.223,11.24000000000,0.99782354000,-0.06464153500,0.01276989600,0.00256163250
etaWear,FEAC84C53DE7,1728464619233,2024-10-09T12:03:39.233,11.25000000000,0.99782354000,-0.06464153500,0.01276989600,0.00256163250
etaWear,FEAC84C53DE7,1728464619243,2024-10-09T12:03:39.243,11.26000000000,0.99782354000,-0.06464153500,0.01276989600,0.00256163250
etaWear,FEAC84C53DE7,1728464619253,2024-10-09T12:03:39.253,11.27000000000,0.99782354000,-0.06464153500,0.01276989600,0.00256163250
etaWear,FEAC84C53DE7,1728464619263,2024-10-09T12:03:39.263,11.28000000000,0.99782354000,-0.06464153500,0.01276989600,0.00256163250
etaWear,FEAC84C53DE7,1728464619283,2024-10-09T12:03:39.283,11.30000000000,0.99782354000,-0.06464153500,0.01276989600,0.00256163250
etaWear,FEAC84C53DE7,1728464619303,2024-10-09T12:03:39.303,11.32000000000,0.99782354000,-0.06464153500,0.01276989600,0.00256163250
etaWear,FEAC84C53DE7,1728464619313,2024-10-09T12:03:39.313,11.33000000000,0.99782354000,-0.06464153500,0.01276989600,0.00256163250
etaWear,FEAC84C53DE7,1728464619323,2024-10-09T12:03:39.323,11.34000000000,0.99782354000,-0.06464153500,0.01276989600,0.00256163250
etaWear,FEAC84C53DE7,1728464619333,2024-10-09T12:03:39.333,11.35000000000,0.99782354000,-0.06464153500,0.01276989600,0.00256163250
etaWear,FEAC84C53DE7,1728464619343,2024-10-09T12:03:39.343,11.36000000000,0.99782354000,-0.06464153500,0.01276989600,0.00256163250
etaWear,FEAC84C53DE7,1728464619353,2024-10-09T12:03:39.353,11.37000000000,0.99782354000,-0.06464153500,0.01276989600,0.00256163250
etaWear,FEAC84C53DE7,1728464619383,2024-10-09T12:03:39.383,11.40000000000,0.99782354000,-0.06464153500,0.01276989600,0.00256163250
MetaWear,FEAC84C53DE7,1728464619393,2024-10-09T12:03:39.393,11.41000000000,0.99782354000,-0.06464153500,0.01276989600,0.00256163250
etaWear,FEAC84C53DE7,1728464619403,2024-10-09T12:03:39.403,11.42000000000,0.99782354000,-0.06464153500,0.01276989600,0.00256163250
etaWear,FEAC84C53DE7,1728464619413,2024-10-09T12:03:39.413,11.43000000000,0.99782354000,-0.06464153500,0.01276989600,0.00256163250
etaWear,FEAC84C53DE7,1728464619423,2024-10-09T12:03:39.423,11.44000000000,0.99782354000,-0.06464153500,0.01276989600,0.00256163250
etaWear,FEAC84C53DE7,1728464619433,2024-10-09T12:03:39.433,11.45000000000,0.99782354000,-0.06464153500,0.01276989600,0.00256163250
etaWear,FEAC84C53DE7,1728464619443,2024-10-09T12:03:39.443,11.46000000000,0.99782354000,-0.06464153500,0.01276989600,0.00256163250
etaWear,FEAC84C53DE7,1728464619453,2024-10-09T12:03:39.453,11.47000000000,0.99782354000,-0.06464153500,0.01276989600,0.00256163250
etaWear,FEAC84C53DE7,1728464619473,2024-10-09T12:03:39.473,11.49000000000,0.99782354000,-0.06464153500,0.01276989600,0.00256163250
etaWear,FEAC84C53DE7,1728464619483,2024-10-09T12:03:39.483,11.50000000000,0.99782354000,-0.06464153500,0.01276989600,0.00256163250
etaWear,FEAC84C53DE7,1728464619493,2024-10-09T12:03:39.493,11.51000000000,0.99782354000,-0.06464153500,0.01276989600,0.00256163250
etaWear,FEAC84C53DE7,1728464619503,2024-10-09T12:03:39.503,11.52000000000,0.99782354000,-0.06464153500,0.01276989600,0.00256163250
etaWear,FEAC84C53DE7,1728464619513,2024-10-09T12:03:39.513,11.53000000000,0.99782354000,-0.06464153500,0.01276989600,0.00256163250
etaWear,FEAC84C53DE7,1728464619523,2024-10-09T12:03:39.523,11.54000000000,0.99782354000,-0.06464153500,0.01276989600,0.00256163250
etaWear,FEAC84C53DE7,1728464619533,2024-10-09T12:03:39.533,11.55000000000,0.99782354000,-0.06464153500,0.01276989600,0.00256163250
etaWear,FEAC84C53DE7,1728464619553,2024-10-09T12:03:39.553,11.57000000000,0.99782354000,-0.06464153500,0.01276989600,0.00256163250
etaWear,FEAC84C53DE7,1728464619563,2024-10-09T12:03:39.563,11.58000000000,0.99782354000,-0.06464153500,0.01276989600,0.00256163250
etaWear,FEAC84C53DE7,1728464619573,2024-10-09T12:03:39.573,11.59000000000,0.99782354000,-0.06464153500,0.01276989600,0.00256163250
etaWear,FEAC84C53DE7,1728464619583,2024-10-09T12:03:39.583,11.60000000000,0.99782354000,-0.06464153500,0.01276989600,0.00256163250
etaWear,FEAC84C53DE7,1728464619593,2024-10-09T12:03:39.593,11.61000000000,0.99782354000,-0.06464153500,0.01276989600,0.00256163250
etaWear,FEAC84C53DE7,1728464619603,2024-10-09T12:03:39.603,11.62000000000,0.99782354000,-0.06464153500,0.01276989600,0.00256163250
etaWear,FEAC84C53DE7,1728464619613,2024-10-09T12:03:39.613,11.63000000000,0.99782354000,-0.06464153500,0.01276989600,0.00256163250
etaWear,FEAC84C53DE7,1728464619633,2024-10-09T12:03:39.633,11.65000000000,0.99782354000,-0.06464153500,0.01276989600,0.00256163250
etaWear,FEAC84C53DE7,1728464619643,2024-10-09T12:03:39.643,11.66000000000,0.99782354000,-0.06464153500,0.01276989600,0.00256163250
etaWear,FEAC84C53DE7,1728464619653,2024-10-09T12:03:39.653,11.67000000000,0.99782354000,-0.06464153500,0.01276989600,0.00256163250
etaWear,FEAC84C53DE7,1728464619663,2024-10-09T12:03:39.663,11.68000000000,0.99782354000,-0.06464153500,0.01276989600,0.00256163250
etaWear,FEAC84C53DE7,1728464619673,2024-10-09T12:03:39.673,11.69000000000,0.99782354000,-0.06464153500,0.01276989600,0.00256163250
etaWear,FEAC84C53DE7,1728464619683,2024-10-09T12:03:39.683,11.70000000000,0.99782354000,-0.06464153500,0.01276989600,0.00256163250
etaWear,FEAC84C53DE7,1728464619693,2024-10-09T12:03:39.693,11.71000000000,0.99782354000,-0.06464153500,0.01276989600,0.00256163250
etaWear,FEAC84C53DE7,1728464619713,2024-10-09T12:03:39.713,11.73000000000,0.99782354000,-0.06464153500,0.01276989600,0.00256163250
etaWear,FEAC84C53DE7,1728464619723,2024-10-09T12:03:39.723,11.74000000000,0.99782354000,-0.06464153500,0.01276989600,0.00256163250
etaWear,FEAC84C53DE7,1728464619733,2024-10-09T12:03:39.733,11.75000000000,0.99782354000,-0.06464153500,0.01276989600,0.00256163250
etaWear,FEAC84C53DE7,1728464619743,2024-10-09T12:03:39.743,11.76000000000,0.99782354000,-0.06464153500,0.01276989600,0.00256163250
etaWear,FEAC84C53DE7,1728464619753,2024-10-09T12:03:39.753,11.77000000000,0.99782354000,-0.06464153500,0.01276989600,0.00256163250
etaWear,FEAC84C53DE7,1728464619763,2024-10-09T12:03:39.763,11.78000000000,0.99782354000,-0.06464153500,0.01276989600,0.00256163250
etaWear,FEAC84C53DE7,1728464619903,2024-10-09T12:03:39.903,11.92000000000,0.99782354000,-0.06464153500,0.01276989600,0.00256163250
etaWear,FEAC84C53DE7,1728464619913,2024-10-09T12:03:39.913,11.93000000000,0.99782354000,-0.06464153500,0.01276989600,0.00256163250
etaWear,FEAC84C53DE7,1728464619923,2024-10-09T12:03:39.923,11.94000000000,0.99782354000,-0.06464153500,0.01276989600,0.00256163250
etaWear,FEAC84C53DE7,1728464619933,2024-10-09T12:03:39.933,11.95000000000,0.99782354000,-0.06464153500,0.01276989600,0.00256163250
etaWear,FEAC84C53DE7,1728464619953,2024-10-09T12:03:39.953,11.97000000000,0.99782354000,-0.06464153500,0.01276989600,0.00256163250
etaWear,FEAC84C53DE7,1728464619963,2024-10-09T12:03:39.963,11.98000000000,0.99782354000,-0.06464153500,0.01276989600,0.00256163250
etaWear,FEAC84C53DE7,1728464619973,2024-10-09T12:03:39.973,11.99000000000,0.99782354000,-0.06464153500,0.01276989600,0.00256163250
etaWear,FEAC84C53DE7,1728464619983,2024-10-09T12:03:39.983,12.00000000000,0.99782354000,-0.06464153500,0.01276989600,0.00256163250
etaWear,FEAC84C53DE7,1728464619993,2024-10-09T12:03:39.993,12.01000000000,0.99782354000,-0.06464153500,0.01276989600,0.00256163250
etaWear,FEAC84C53DE7,1728464620003,2024-10-09T12:03:40.003,12.02000000000,0.99782354000,-0.06464153500,0.01276989600,0.00256163250
etaWear,FEAC84C53DE7,1728464620013,2024-10-09T12:03:40.013,12.03000000000,0.99782354000,-0.06464153500,0.01276989600,0.00256163250
etaWear,FEAC84C53DE7,1728464620033,2024-10-09T12:03:40.033,12.05000000000,0.99782354000,-0.06464153500,0.01276989600,0.00256163250
etaWear,FEAC84C53DE7,1728464620053,2024-10-09T12:03:40.053,12.07000000000,0.99782354000,-0.06464153500,0.01276989600,0.00256163250
etaWear,FEAC84C53DE7,1728464620063,2024-10-09T12:03:40.063,12.08000000000,0.99782354000,-0.06464153500,0.01276989600,0.00256163250
etaWear,FEAC84C53DE7,1728464620073,2024-10-09T12:03:40.073,12.09000000000,0.99782354000,-0.06464153500,0.01276989600,0.00256163250
etaWear,FEAC84C53DE7,1728464620083,2024-10-09T12:03:40.083,12.10000000000,0.99782354000,-0.06464153500,0.01276989600,0.00256163250
etaWear,FEAC84C53DE7,1728464620093,2024-10-09T12:03:40.093,12.11000000000,0.99782354000,-0.06464153500,0.01276989600,0.00256163250
etaWear,FEAC84C53DE7,1728464620113,2024-10-09T12:03:40.113,12.13000000000,0.99782354000,-0.06464153500,0.01276989600,0.00256163250
etaWear,FEAC84C53DE7,1728464620123,2024-10-09T12:03:40.123,12.14000000000,0.99782354000,-0.06464153500,0.01276989600,0.00256163250
etaWear,FEAC84C53DE7,1728464620133,2024-10-09T12:03:40.133,12.15000000000,0.99782354000,-0.06464153500,0.01276989600,0.00256163250
etaWear,FEAC84C53DE7,1728464620143,2024-10-09T12:03:40.143,12.16000000000,0.99782354000,-0.06464153500,0.01276989600,0.00256163250
etaWear,FEAC84C53DE7,1728464620153,2024-10-09T12:03:40.153,12.17000000000,0.99782354000,-0.06464153500,0.01276989600,0.00256163250
etaWear,FEAC84C53DE7,1728464620163,2024-10-09T12:03:40.163,12.18000000000,0.99782354000,-0.06464153500,0.01276989600,0.00256163250
MetaWear,FEAC84C53DE7,1728464620173,2024-10-09T12:03:40.173,12.19000000000,0.99782354000,-0.06464153500,0.01276989600,0.00256163250
etaWear,FEAC84C53DE7,1728464620193,2024-10-09T12:03:40.193,12.21000000000,0.99782354000,-0.06464153500,0.01276989600,0.00256163250
etaWear,FEAC84C53DE7,1728464620203,2024-10-09T12:03:40.203,12.22000000000,0.99782354000,-0.06464153500,0.01276989600,0.00256163250
etaWear,FEAC84C53DE7,1728464620213,2024-10-09T12:03:40.213,12.23000000000,0.99782354000,-0.06464153500,0.01276989600,0.00256163250
etaWear,FEAC84C53DE7,1728464620223,2024-10-09T12:03:40.223,12.24000000000,0.99782354000,-0.06464153500,0.01276989600,0.00256163250
etaWear,FEAC84C53DE7,1728464620233,2024-10-09T12:03:40.233,12.25000000000,0.99782354000,-0.06464153500,0.01276989600,0.00256163250
etaWear,FEAC84C53DE7,1728464620243,2024-10-09T12:03:40.243,12.26000000000,0.99782354000,-0.06464153500,0.01276989600,0.00256163250
etaWear,FEAC84C53DE7,1728464620253,2024-10-09T12:03:40.253,12.27000000000,0.99782354000,-0.06464153500,0.01276989600,0.00256163250
etaWear,FEAC84C53DE7,1728464620273,2024-10-09T12:03:40.273,12.29000000000,0.99782354000,-0.06464153500,0.01276989600,0.00256163250
etaWear,FEAC84C53DE7,1728464620283,2024-10-09T12:03:40.283,12.30000000000,0.99782354000,-0.06464153500,0.01276989600,0.00256163250
etaWear,FEAC84C53DE7,1728464620293,2024-10-09T12:03:40.293,12.31000000000,0.99782354000,-0.06464153500,0.01276989600,0.00256163250
etaWear,FEAC84C53DE7,1728464620303,2024-10-09T12:03:40.303,12.32000000000,0.99782354000,-0.06464153500,0.01276989600,0.00256163250
etaWear,FEAC84C53DE7,1728464620313,2024-10-09T12:03:40.313,12.33000000000,0.99782354000,-0.06464153500,0.01276989600,0.00256163250
etaWear,FEAC84C53DE7,1728464620323,2024-10-09T12:03:40.323,12.34000000000,0.99782354000,-0.06464153500,0.01276989600,0.00256163250
etaWear,FEAC84C53DE7,1728464620333,2024-10-09T12:03:40.333,12.35000000000,0.99782354000,-0.06464153500,0.01276989600,0.00256163250
etaWear,FEAC84C53DE7,1728464620353,2024-10-09T12:03:40.353,12.37000000000,0.99782354000,-0.06464153500,0.01276989600,0.00256163250
etaWear,FEAC84C53DE7,1728464620363,2024-10-09T12:03:40.363,12.38000000000,0.99782354000,-0.06464153500,0.01276989600,0.00256163250
etaWear,FEAC84C53DE7,1728464620373,2024-10-09T12:03:40.373,12.39000000000,0.99782354000,-0.06464153500,0.01276989600,0.00256163250
etaWear,FEAC84C53DE7,1728464620383,2024-10-09T12:03:40.383,12.40000000000,0.99782354000,-0.06464153500,0.01276989600,0.00256163250
etaWear,FEAC84C53DE7,1728464620393,2024-10-09T12:03:40.393,12.41000000000,0.99782354000,-0.06464153500,0.01276989600,0.00256163250
etaWear,FEAC84C53DE7,1728464620403,2024-10-09T12:03:40.403,12.42000000000,0.99782354000,-0.06464153500,0.01276989600,0.00256163250
etaWear,FEAC84C53DE7,1728464620413,2024-10-09T12:03:40.413,12.43000000000,0.99782354000,-0.06464153500,0.01276989600,0.00256163250
etaWear,FEAC84C53DE7,1728464620433,2024-10-09T12:03:40.433,12.45000000000,0.99782354000,-0.06464153500,0.01276989600,0.00256163250
etaWear,FEAC84C53DE7,1728464620443,2024-10-09T12:03:40.443,12.46000000000,0.99782354000,-0.06464153500,0.01276989600,0.00256163250
etaWear,FEAC84C53DE7,1728464620453,2024-10-09T12:03:40.453,12.47000000000,0.99782354000,-0.06464153500,0.01276989600,0.00256163250
etaWear,FEAC84C53DE7,1728464620463,2024-10-09T12:03:40.463,12.48000000000,0.99782354000,-0.06464153500,0.01276989600,0.00256163250
etaWear,FEAC84C53DE7,1728464620483,2024-10-09T12:03:40.483,12.50000000000,0.99782354000,-0.06464153500,0.01276989600,0.00256163250
MetaWear,FEAC84C53DE7,1728464620493,2024-10-09T12:03:40.493,12.51000000000,0.99782354000,-0.06464153500,0.01276989600,0.00256163250
etaWear,FEAC84C53DE7,1728464620513,2024-10-09T12:03:40.513,12.53000000000,0.99782354000,-0.06464153500,0.01276989600,0.00256163250
etaWear,FEAC84C53DE7,1728464620523,2024-10-09T12:03:40.523,12.54000000000,0.99782354000,-0.06464153500,0.01276989600,0.00256163250
etaWear,FEAC84C53DE7,1728464620533,2024-10-09T12:03:40.533,12.55000000000,0.99782354000,-0.06464153500,0.01276989600,0.00256163250
etaWear,FEAC84C53DE7,1728464620543,2024-10-09T12:03:40.543,12.56000000000,0.99782354000,-0.06464153500,0.01276989600,0.00256163250
etaWear,FEAC84C53DE7,1728464620553,2024-10-09T12:03:40.553,12.57000000000,0.99782354000,-0.06464153500,0.01276989600,0.00256163250
etaWear,FEAC84C53DE7,1728464620563,2024-10-09T12:03:40.563,12.58000000000,0.99782354000,-0.06464153500,0.01276989600,0.00256163250
etaWear,FEAC84C53DE7,1728464620573,2024-10-09T12:03:40.573,12.59000000000,0.99782354000,-0.06464153500,0.01276989600,0.00256163250
etaWear,FEAC84C53DE7,1728464620593,2024-10-09T12:03:40.593,12.61000000000,0.99782354000,-0.06464153500,0.01276989600,0.00256163250
etaWear,FEAC84C53DE7,1728464620603,2024-10-09T12:03:40.603,12.62000000000,0.99782354000,-0.06464153500,0.01276989600,0.00256163250
etaWear,FEAC84C53DE7,1728464620613,2024-10-09T12:03:40.613,12.63000000000,0.99782354000,-0.06464153500,0.01276989600,0.00256163250
etaWear,FEAC84C53DE7,1728464620623,2024-10-09T12:03:40.623,12.64000000000,0.99782354000,-0.06464153500,0.01276989600,0.00256163250
etaWear,FEAC84C53DE7,1728464620633,2024-10-09T12:03:40.633,12.65000000000,0.99782354000,-0.06464153500,0.01276989600,0.00256163250
etaWear,FEAC84C53DE7,1728464620643,2024-10-09T12:03:40.643,12.66000000000,0.99782354000,-0.06464153500,0.01276989600,0.00256163250
etaWear,FEAC84C53DE7,1728464620653,2024-10-09T12:03:40.653,12.67000000000,0.99782354000,-0.06464153500,0.01276989600,0.00256163250
etaWear,FEAC84C53DE7,1728464620673,2024-10-09T12:03:40.673,12.69000000000,0.99782354000,-0.06464153500,0.01276989600,0.00256163250
etaWear,FEAC84C53DE7,1728464620683,2024-10-09T12:03:40.683,12.70000000000,0.99782354000,-0.06464153500,0.01276989600,0.00256163250
etaWear,FEAC84C53DE7,1728464620693,2024-10-09T12:03:40.693,12.71000000000,0.99782354000,-0.06464153500,0.01276989600,0.00256163250
etaWear,FEAC84C53DE7,1728464620703,2024-10-09T12:03:40.703,12.72000000000,0.99782354000,-0.06464153500,0.01276989600,0.00256163250
etaWear,FEAC84C53DE7,1728464620713,2024-10-09T12:03:40.713,12.73000000000,0.99782354000,-0.06464153500,0.01276989600,0.00256163250
etaWear,FEAC84C53DE7,1728464620723,2024-10-09T12:03:40.723,12.74000000000,0.99782354000,-0.06464153500,0.01276989600,0.00256163250
etaWear,FEAC84C53DE7,1728464620733,2024-10-09T12:03:40.733,12.75000000000,0.99782354000,-0.06464153500,0.01276989600,0.00256163250
etaWear,FEAC84C53DE7,1728464620743,2024-10-09T12:03:40.743,12.76000000000,0.99782354000,-0.06464153500,0.01276989600,0.00256163250
etaWear,FEAC84C53DE7,1728464620763,2024-10-09T12:03:40.763,12.78000000000,0.99782354000,-0.06464153500,0.01276989600,0.00256163250
etaWear,FEAC84C53DE7,1728464620773,2024-10-09T12:03:40.773,12.79000000000,0.99782354000,-0.06464153500,0.01276989600,0.00256163250
etaWear,FEAC84C53DE7,1728464620783,2024-10-09T12:03:40.783,12.80000000000,0.99782354000,-0.06464153500,0.01276989600,0.00256163250
etaWear,FEAC84C53DE7,1728464620793,2024-10-09T12:03:40.793,12.81000000000,0.99782354000,-0.06464153500,0.01276989600,0.00256163250
etaWear,FEAC84C53DE7,1728464620803,2024-10-09T12:03:40.803,12.82000000000,0.99782354000,-0.06464153500,0.01276989600,0.00256163250
etaWear,FEAC84C53DE7,1728464620813,2024-10-09T12:03:40.813,12.83000000000,0.99782354000,-0.06464153500,0.01276989600,0.00256163250
etaWear,FEAC84C53DE7,1728464620823,2024-10-09T12:03:40.823,12.84000000000,0.99782354000,-0.06464153500,0.01276989600,0.00256163250
etaWear,FEAC84C53DE7,1728464620843,2024-10-09T12:03:40.843,12.86000000000,0.99782354000,-0.06464153500,0.01276989600,0.00256163250
etaWear,FEAC84C53DE7,1728464620853,2024-10-09T12:03:40.853,12.87000000000,0.99782354000,-0.06464153500,0.01276989600,0.00256163250
etaWear,FEAC84C53DE7,1728464620863,2024-10-09T12:03:40.863,12.88000000000,0.99782354000,-0.06464153500,0.01276989600,0.00256163250
etaWear,FEAC84C53DE7,1728464620873,2024-10-09T12:03:40.873,12.89000000000,0.99782354000,-0.06464153500,0.01276989600,0.00256163250
etaWear,FEAC84C53DE7,1728464620883,2024-10-09T12:03:40.883,12.90000000000,0.99782354000,-0.06464153500,0.01276989600,0.00256163250
etaWear,FEAC84C53DE7,1728464620893,2024-10-09T12:03:40.893,12.91000000000,0.99782354000,-0.06464153500,0.01276989600,0.00256163250
etaWear,FEAC84C53DE7,1728464620903,2024-10-09T12:03:40.903,12.92000000000,0.99782354000,-0.06464153500,0.01276989600,0.00256163250
etaWear,FEAC84C53DE7,1728464620923,2024-10-09T12:03:40.923,12.94000000000,0.99782354000,-0.06464153500,0.01276989600,0.00256163250
etaWear,FEAC84C53DE7,1728464620933,2024-10-09T12:03:40.933,12.95000000000,0.99782354000,-0.06464153500,0.01276989600,0.00256163250
etaWear,FEAC84C53DE7,1728464620943,2024-10-09T12:03:40.943,12.96000000000,0.99782354000,-0.06464153500,0.01276989600,0.00256163250
etaWear,FEAC84C53DE7,1728464620953,2024-10-09T12:03:40.953,12.97000000000,0.99782354000,-0.06464153500,0.01276989600,0.00256163250
etaWear,FEAC84C53DE7,1728464620963,2024-10-09T12:03:40.963,12.98000000000,0.99782354000,-0.06464153500,0.01276989600,0.00256163250
etaWear,FEAC84C53DE7,1728464620973,2024-10-09T12:03:40.973,12.99000000000,0.99782354000,-0.06464153500,0.01276989600,0.00256163250
etaWear,FEAC84C53DE7,1728464620983,2024-10-09T12:03:40.983,13.00000000000,0.99782354000,-0.06464153500,0.01276989600,0.00256163250
etaWear,FEAC84C53DE7,1728464621043,2024-10-09T12:03:41.043,13.06000000000,0.99782354000,-0.06464153500,0.01276989600,0.00256163250
etaWear,FEAC84C53DE7,1728464621053,2024-10-09T12:03:41.053,13.07000000000,0.99782354000,-0.06464153500,0.01276989600,0.00256163250
etaWear,FEAC84C53DE7,1728464621063,2024-10-09T12:03:41.063,13.08000000000,0.99782354000,-0.06464153500,0.01276989600,0.00256163250
etaWear,FEAC84C53DE7,1728464621083,2024-10-09T12:03:41.083,13.10000000000,0.99782354000,-0.06464153500,0.01276989600,0.00256163250
etaWear,FEAC84C53DE7,1728464621093,2024-10-09T12:03:41.093,13.11000000000,0.99782354000,-0.06464153500,0.01276989600,0.00256163250
etaWear,FEAC84C53DE7,1728464621103,2024-10-09T12:03:41.103,13.12000000000,0.99782354000,-0.06464153500,0.01276989600,0.00256163250
etaWear,FEAC84C53DE7,1728464621113,2024-10-09T12:03:41.113,13.13000000000,0.99782354000,-0.06464153500,0.01276989600,0.00256163250
etaWear,FEAC84C53DE7,1728464621123,2024-10-09T12:03:41.123,13.14000000000,0.99782354000,-0.06464153500,0.01276989600,0.00256163250
etaWear,FEAC84C53DE7,1728464621133,2024-10-09T12:03:41.133,13.15000000000,0.99782354000,-0.06464153500,0.01276989600,0.00256163250
etaWear,FEAC84C53DE7,1728464621143,2024-10-09T12:03:41.143,13.16000000000,0.99782354000,-0.06464153500,0.01276989600,0.00256163250
etaWear,FEAC84C53DE7,1728464621163,2024-10-09T12:03:41.163,13.18000000000,0.99782354000,-0.06464153500,0.01276989600,0.00256163250
etaWear,FEAC84C53DE7,1728464621173,2024-10-09T12:03:41.173,13.19000000000,0.99782354000,-0.06464153500,0.01276989600,0.00256163250
etaWear,FEAC84C53DE7,1728464621183,2024-10-09T12:03:41.183,13.20000000000,0.99782354000,-0.06464153500,0.01276989600,0.00256163250
etaWear,FEAC84C53DE7,1728464621193,2024-10-09T12:03:41.193,13.21000000000,0.99782354000,-0.06464153500,0.01276989600,0.00256163250
etaWear,FEAC84C53DE7,1728464621203,2024-10-09T12:03:41.203,13.22000000000,0.99782354000,-0.06464153500,0.01276989600,0.00256163250
etaWear,FEAC84C53DE7,1728464621213,2024-10-09T12:03:41.213,13.23000000000,0.99782354000,-0.06464153500,0.01276989600,0.00256163250
etaWear,FEAC84C53DE7,1728464621223,2024-10-09T12:03:41.223,13.24000000000,0.99782354000,-0.06464153500,0.01276989600,0.00256163250
etaWear,FEAC84C53DE7,1728464621243,2024-10-09T12:03:41.243,13.26000000000,0.99782354000,-0.06464153500,0.01276989600,0.00256163250
etaWear,FEAC84C53DE7,1728464621253,2024-10-09T12:03:41.253,13.27000000000,0.99782354000,-0.06464153500,0.01276989600,0.00256163250
etaWear,FEAC84C53DE7,1728464621263,2024-10-09T12:03:41.263,13.28000000000,0.99782354000,-0.06464153500,0.01276989600,0.00256163250
etaWear,FEAC84C53DE7,1728464621273,2024-10-09T12:03:41.273,13.29000000000,0.99782354000,-0.06464153500,0.01276989600,0.00256163250
etaWear,FEAC84C53DE7,1728464621283,2024-10-09T12:03:41.283,13.30000000000,0.99782354000,-0.06464153500,0.01276989600,0.00256163250
etaWear,FEAC84C53DE7,1728464621293,2024-10-09T12:03:41.293,13.31000000000,0.99782354000,-0.06464153500,0.01276989600,0.00256163250
etaWear,FEAC84C53DE7,1728464621303,2024-10-09T12:03:41.303,13.32000000000,0.99782354000,-0.06464153500,0.01276989600,0.00256163250
etaWear,FEAC84C53DE7,1728464621043,2024-10-09T12:03:41.043,13.06000000000,0.99782354000,-0.06464153500,0.01276989600,0.00256163250
etaWear,FEAC84C53DE7,1728464621053,2024-10-09T12:03:41.053,13.07000000000,0.99782354000,-0.06464153500,0.01276989600,0.00256163250
etaWear,FEAC84C53DE7,1728464621063,2024-10-09T12:03:41.063,13.08000000000,0.99782354000,-0.06464153500,0.01276989600,0.00256163250
etaWear,FEAC84C53DE7,1728464621083,2024-10-09T12:03:41.083,13.10000000000,0.99782354000,-0.06464153500,0.01276989600,0.00256163250
etaWear,FEAC84C53DE7,1728464621093,2024-10-09T12:03:41.093,13.11000000000,0.99782354000,-0.06464153500,0.01276989600,0.00256163250
etaWear,FEAC84C53DE7,1728464621103,2024-10-09T12:03:41.103,13.12000000000,0.99782354000,-0.06464153500,0.01276989600,0.00256163250
etaWear,FEAC84C53DE7,1728464621113,2024-10-09T12:03:41.113,13.13000000000,0.99782354000,-0.06464153500,0.01276989600,0.00256163250
etaWear,FEAC84C53DE7,1728464621123,2024-10-09T12:03:41.123,13.14000000000,0.99782354000,-0.06464153500,0.01276989600,0.00256163250
etaWear,FEAC84C53DE7,1728464621133,2024-10-09T12:03:41.133,13.15000000000,0.99782354000,-0.06464153500,0.01276989600,0.00256163250
etaWear,FEAC84C53DE7,1728464621143,2024-10-09T12:03:41.143,13.16000000000,0.99782354000,-0.06464153500,0.01276989600,0.00256163250
etaWear,FEAC84C53DE7,1728464621163,2024-10-09T12:03:41.163,13.18000000000,0.99782354000,-0.06464153500,0.01276989600,0.00256163250
etaWear,FEAC84C53DE7,1728464621173,2024-10-09T12:03:41.173,13.19000000000,0.99782354000,-0.06464153500,0.01276989600,0.00256163250
etaWear,FEAC84C53DE7,1728464621183,2024-10-09T12:03:41.183,13.20000000000,0.99782354000,-0.06464153500,0.01276989600,0.00256163250
etaWear,FEAC84C53DE7,1728464621193,2024-10-09T12:03:41.193,13.21000000000,0.99782354000,-0.06464153500,0.01276989600,0.00256163250
etaWear,FEAC84C53DE7,1728464621203,2024-10-09T12:03:41.203,13.22000000000,0.99782354000,-0.06464153500,0.01276989600,0.00256163250
etaWear,FEAC84C53DE7,1728464621213,2024-10-09T12:03:41.213,13.23000000000,0.99782354000,-0.06464153500,0.01276989600,0.00256163250
etaWear,FEAC84C53DE7,1728464621223,2024-10-09T12:03:41.223,13.24000000000,0.99782354000,-0.06464153500,0.01276989600,0.00256163250
etaWear,FEAC84C53DE7,1728464621243,2024-10-09T12:03:41.243,13.26000000000,0.99782354000,-0.06464153500,0.01276989600,0.00256163250
etaWear,FEAC84C53DE7,1728464621253,2024-10-09T12:03:41.253,13.27000000000,0.99782354000,-0.06464153500,0.01276989600,0.00256163250
etaWear,FEAC84C53DE7,1728464621263,2024-10-09T12:03:41.263,13.28000000000,0.99782354000,-0.06464153500,0.01276989600,0.00256163250
etaWear,FEAC84C53DE7,1728464621273,2024-10-09T12:03:41.273,13.29000000000,0.99782354000,-0.06464153500,0.01276989600,0.00256163250
etaWear,FEAC84C53DE7,1728464621283,2024-10-09T12:03:41.283,13.30000000000,0.99782354000,-0.06464153500,0.01276989600,0.00256163250
etaWear,FEAC84C53DE7,1728464621293,2024-10-09T12:03:41.293,13.31000000000,0.99782354000,-0.06464153500,0.01276989600,0.00256163250
etaWear,FEAC84C53DE7,1728464621303,2024-10-09T12:03:41.303,13.32000000000,0.99782354000,-0.06464153500,0.01276989600,0.00256163250
MetaWear,FEAC84C53DE7,1728464621323,2024-10-09T12:03:41.323,13.34000000000,0.99782354000,-0.06464153500,0.01276989600,0.00256163250
etaWear,FEAC84C53DE7,1728464621333,2024-10-09T12:03:41.333,13.35000000000,0.99782354000,-0.06464153500,0.01276989600,0.00256163250
etaWear,FEAC84C53DE7,1728464621343,2024-10-09T12:03:41.343,13.36000000000,0.99782354000,-0.06464153500,0.01276989600,0.00256163250
etaWear,FEAC84C53DE7,1728464621353,2024-10-09T12:03:41.353,13.37000000000,0.99782354000,-0.06464153500,0.01276989600,0.00256163250
etaWear,FEAC84C53DE7,1728464621363,2024-10-09T12:03:41.363,13.38000000000,0.99782354000,-0.06464153500,0.01276989600,0.00256163250
etaWear,FEAC84C53DE7,1728464621383,2024-10-09T12:03:41.383,13.40000000000,0.99782354000,-0.06464153500,0.01276989600,0.00256163250
etaWear,FEAC84C53DE7,1728464621403,2024-10-09T12:03:41.403,13.42000000000,0.99782354000,-0.06464153500,0.01276989600,0.00256163250
etaWear,FEAC84C53DE7,1728464621413,2024-10-09T12:03:41.413,13.43000000000,0.99782354000,-0.06464153500,0.01276989600,0.00256163250
etaWear,FEAC84C53DE7,1728464621423,2024-10-09T12:03:41.423,13.44000000000,0.99782354000,-0.06464153500,0.01276989600,0.00256163250
etaWear,FEAC84C53DE7,1728464621433,2024-10-09T12:03:41.433,13.45000000000,0.99782354000,-0.06464153500,0.01276989600,0.00256163250
etaWear,FEAC84C53DE7,1728464621443,2024-10-09T12:03:41.443,13.46000000000,0.99782354000,-0.06464153500,0.01276989600,0.00256163250
etaWear,FEAC84C53DE7,1728464621453,2024-10-09T12:03:41.453,13.47000000000,0.99782354000,-0.06464153500,0.01276989600,0.00256163250
etaWear,FEAC84C53DE7,1728464621463,2024-10-09T12:03:41.463,13.48000000000,0.99782354000,-0.06464153500,0.01276989600,0.00256163250
etaWear,FEAC84C53DE7,1728464621483,2024-10-09T12:03:41.483,13.50000000000,0.99782354000,-0.06464153500,0.01276989600,0.00256163250
etaWear,FEAC84C53DE7,1728464621493,2024-10-09T12:03:41.493,13.51000000000,0.99782354000,-0.06464153500,0.01276989600,0.00256163250
etaWear,FEAC84C53DE7,1728464621503,2024-10-09T12:03:41.503,13.52000000000,0.99782354000,-0.06464153500,0.01276989600,0.00256163250
etaWear,FEAC84C53DE7,1728464621513,2024-10-09T12:03:41.513,13.53000000000,0.99782354000,-0.06464153500,0.01276989600,0.00256163250
etaWear,FEAC84C53DE7,1728464621523,2024-10-09T12:03:41.523,13.54000000000,0.99782354000,-0.06464153500,0.01276989600,0.00256163250
etaWear,FEAC84C53DE7,1728464621533,2024-10-09T12:03:41.533,13.55000000000,0.99782354000,-0.06464153500,0.01276989600,0.00256163250
etaWear,FEAC84C53DE7,1728464621543,2024-10-09T12:03:41.543,13.56000000000,0.99782354000,-0.06464153500,0.01276989600,0.00256163250
etaWear,FEAC84C53DE7,1728464621563,2024-10-09T12:03:41.563,13.58000000000,0.99782354000,-0.06464153500,0.01276989600,0.00256163250
etaWear,FEAC84C53DE7,1728464621573,2024-10-09T12:03:41.573,13.59000000000,0.99782354000,-0.06464153500,0.01276989600,0.00256163250
etaWear,FEAC84C53DE7,1728464621583,2024-10-09T12:03:41.583,13.60000000000,0.99782354000,-0.06464153500,0.01276989600,0.00256163250
etaWear,FEAC84C53DE7,1728464621593,2024-10-09T12:03:41.593,13.61000000000,0.99782354000,-0.06464153500,0.01276989600,0.00256163250
etaWear,FEAC84C53DE7,1728464621613,2024-10-09T12:03:41.613,13.63000000000,0.99782354000,-0.06464153500,0.01276989600,0.00256163250
etaWear,FEAC84C53DE7,1728464621623,2024-10-09T12:03:41.623,13.64000000000,0.99782354000,-0.06464153500,0.01276989600,0.00256163250
etaWear,FEAC84C53DE7,1728464621643,2024-10-09T12:03:41.643,13.66000000000,0.99782354000,-0.06464153500,0.01276989600,0.00256163250
etaWear,FEAC84C53DE7,1728464621653,2024-10-09T12:03:41.653,13.67000000000,0.99782354000,-0.06464153500,0.01276989600,0.00256163250
etaWear,FEAC84C53DE7,1728464621663,2024-10-09T12:03:41.663,13.68000000000,0.99782354000,-0.06464153500,0.01276989600,0.00256163250
etaWear,FEAC84C53DE7,1728464621673,2024-10-09T12:03:41.673,13.69000000000,0.99782354000,-0.06464153500,0.01276989600,0.00256163250
etaWear,FEAC84C53DE7,1728464621683,2024-10-09T12:03:41.683,13.70000000000,0.99782354000,-0.06464153500,0.01276989600,0.00256163250
etaWear,FEAC84C53DE7,1728464621693,2024-10-09T12:03:41.693,13.71000000000,0.99782354000,-0.06464153500,0.01276989600,0.00256163250
etaWear,FEAC84C53DE7,1728464621703,2024-10-09T12:03:41.703,13.72000000000,0.99782354000,-0.06464153500,0.01276989600,0.00256163250
etaWear,FEAC84C53DE7,1728464621723,2024-10-09T12:03:41.723,13.74000000000,0.99782354000,-0.06464153500,0.01276989600,0.00256163250
etaWear,FEAC84C53DE7,1728464621733,2024-10-09T12:03:41.733,13.75000000000,0.99782354000,-0.06464153500,0.01276989600,0.00256163250
etaWear,FEAC84C53DE7,1728464621743,2024-10-09T12:03:41.743,13.76000000000,0.99782354000,-0.06464153500,0.01276989600,0.00256163250
etaWear,FEAC84C53DE7,1728464621753,2024-10-09T12:03:41.753,13.77000000000,0.99782354000,-0.06464153500,0.01276989600,0.00256163250
etaWear,FEAC84C53DE7,1728464621763,2024-10-09T12:03:41.763,13.78000000000,0.99782354000,-0.06464153500,0.01276989600,0.00256163250
etaWear,FEAC84C53DE7,1728464621773,2024-10-09T12:03:41.773,13.79000000000,0.99782354000,-0.06464153500,0.01276989600,0.00256163250
etaWear,FEAC84C53DE7,1728464621783,2024-10-09T12:03:41.783,13.80000000000,0.99782354000,-0.06464153500,0.01276989600,0.00256163250
etaWear,FEAC84C53DE7,1728464621803,2024-10-09T12:03:41.803,13.82000000000,0.99782354000,-0.06464153500,0.01276989600,0.00256163250
etaWear,FEAC84C53DE7,1728464621813,2024-10-09T12:03:41.813,13.83000000000,0.99782354000,-0.06464153500,0.01276989600,0.00256163250
etaWear,FEAC84C53DE7,1728464621823,2024-10-09T12:03:41.823,13.84000000000,0.99782354000,-0.06464153500,0.01276989600,0.00256163250
etaWear,FEAC84C53DE7,1728464621833,2024-10-09T12:03:41.833,13.85000000000,0.99782354000,-0.06464153500,0.01276989600,0.00256163250
etaWear,FEAC84C53DE7,1728464621843,2024-10-09T12:03:41.843,13.86000000000,0.99782354000,-0.06464153500,0.01276989600,0.00256163250
etaWear,FEAC84C53DE7,1728464621853,2024-10-09T12:03:41.853,13.87000000000,0.99782354000,-0.06464153500,0.01276989600,0.00256163250
etaWear,FEAC84C53DE7,1728464621863,2024-10-09T12:03:41.863,13.88000000000,0.99782354000,-0.06464153500,0.01276989600,0.00256163250
etaWear,FEAC84C53DE7,1728464621883,2024-10-09T12:03:41.883,13.90000000000,0.99782354000,-0.06464153500,0.01276989600,0.00256163250
etaWear,FEAC84C53DE7,1728464621893,2024-10-09T12:03:41.893,13.91000000000,0.99782354000,-0.06464153500,0.01276989600,0.00256163250
etaWear,FEAC84C53DE7,1728464621903,2024-10-09T12:03:41.903,13.92000000000,0.99782354000,-0.06464153500,0.01276989600,0.00256163250
etaWear,FEAC84C53DE7,1728464621913,2024-10-09T12:03:41.913,13.93000000000,0.99782354000,-0.06464153500,0.01276989600,0.00256163250
etaWear,FEAC84C53DE7,1728464621923,2024-10-09T12:03:41.923,13.94000000000,0.99782354000,-0.06464153500,0.01276989600,0.00256163250
etaWear,FEAC84C53DE7,1728464621933,2024-10-09T12:03:41.933,13.95000000000,0.99782354000,-0.06464153500,0.01276989600,0.00256163250
etaWear,FEAC84C53DE7,1728464621943,2024-10-09T12:03:41.943,13.96000000000,0.99782354000,-0.06464153500,0.01276989600,0.00256163250
etaWear,FEAC84C53DE7,1728464621963,2024-10-09T12:03:41.963,13.98000000000,0.99782354000,-0.06464153500,0.01276989600,0.00256163250
etaWear,FEAC84C53DE7,1728464621973,2024-10-09T12:03:41.973,13.99000000000,0.99782354000,-0.06464153500,0.01276989600,0.00256163250
etaWear,FEAC84C53DE7,1728464621983,2024-10-09T12:03:41.983,14.00000000000,0.99782354000,-0.06464153500,0.01276989600,0.00256163250
etaWear,FEAC84C53DE7,1728464621993,2024-10-09T12:03:41.993,14.01000000000,0.99782354000,-0.06464153500,0.01276989600,0.00256163250
etaWear,FEAC84C53DE7,1728464622003,2024-10-09T12:03:42.003,14.02000000000,0.99782354000,-0.06464153500,0.01276989600,0.00256163250
etaWear,FEAC84C53DE7,1728464622013,2024-10-09T12:03:42.013,14.03000000000,0.99782354000,-0.06464153500,0.01276989600,0.00256163250
etaWear,FEAC84C53DE7,1728464622023,2024-10-09T12:03:42.023,14.04000000000,0.99782354000,-0.06464153500,0.01276989600,0.00256163250
etaWear,FEAC84C53DE7,1728464622033,2024-10-09T12:03:42.033,14.05000000000,0.99782354000,-0.06464153500,0.01276989600,0.00256163250
etaWear,FEAC84C53DE7,1728464622053,2024-10-09T12:03:42.053,14.07000000000,0.99782354000,-0.06464153500,0.01276989600,0.00256163250
etaWear,FEAC84C53DE7,1728464622063,2024-10-09T12:03:42.063,14.08000000000,0.99782354000,-0.06464153500,0.01276989600,0.00256163250
etaWear,FEAC84C53DE7,1728464622073,2024-10-09T12:03:42.073,14.09000000000,0.99782354000,-0.06464153500,0.01276989600,0.00256163250
etaWear,FEAC84C53DE7,1728464622083,2024-10-09T12:03:42.083,14.10000000000,0.99782354000,-0.06464153500,0.01276989600,0.00256163250
etaWear,FEAC84C53DE7,1728464622093,2024-10-09T12:03:42.093,14.11000000000,0.99782354000,-0.06464153500,0.01276989600,0.00256163250
etaWear,FEAC84C53DE7,1728464622103,2024-10-09T12:03:42.103,14.12000000000,0.99782354000,-0.06464153500,0.01276989600,0.00256163250
etaWear,FEAC84C53DE7,1728464622113,2024-10-09T12:03:42.113,14.13000000000,0.99782354000,-0.06464153500,0.01276989600,0.00256163250
etaWear,FEAC84C53DE7,1728464622133,2024-10-09T12:03:42.133,14.15000000000,0.99782354000,-0.06464153500,0.01276989600,0.00256163250
etaWear,FEAC84C53DE7,1728464622143,2024-10-09T12:03:42.143,14.16000000000,0.99782354000,-0.06464153500,0.01276989600,0.00256163250
etaWear,FEAC84C53DE7,1728464622153,2024-10-09T12:03:42.153,14.17000000000,0.99782354000,-0.06464153500,0.01276989600,0.00256163250
etaWear,FEAC84C53DE7,1728464622163,2024-10-09T12:03:42.163,14.18000000000,0.99782354000,-0.06464153500,0.01276989600,0.00256163250
etaWear,FEAC84C53DE7,1728464622173,2024-10-09T12:03:42.173,14.19000000000,0.99782354000,-0.06464153500,0.01276989600,0.00256163250
etaWear,FEAC84C53DE7,1728464622183,2024-10-09T12:03:42.183,14.20000000000,0.99782354000,-0.06464153500,0.01276989600,0.00256163250
etaWear,FEAC84C53DE7,1728464622193,2024-10-09T12:03:42.193,14.21000000000,0.99782354000,-0.06464153500,0.01276989600,0.00256163250
etaWear,FEAC84C53DE7,1728464622213,2024-10-09T12:03:42.213,14.23000000000,0.99782354000,-0.06464153500,0.01276989600,0.00256163250
etaWear,FEAC84C53DE7,1728464622223,2024-10-09T12:03:42.223,14.24000000000,0.99782354000,-0.06464153500,0.01276989600,0.00256163250
etaWear,FEAC84C53DE7,1728464622233,2024-10-09T12:03:42.233,14.25000000000,0.99782354000,-0.06464153500,0.01276989600,0.00256163250
etaWear,FEAC84C53DE7,1728464622243,2024-10-09T12:03:42.243,14.26000000000,0.99782354000,-0.06464153500,0.01276989600,0.00256163250
etaWear,FEAC84C53DE7,1728464622253,2024-10-09T12:03:42.253,14.27000000000,0.99782354000,-0.06464153500,0.01276989600,0.00256163250
etaWear,FEAC84C53DE7,1728464622263,2024-10-09T12:03:42.263,14.28000000000,0.99782354000,-0.06464153500,0.01276989600,0.00256163250
etaWear,FEAC84C53DE7,1728464622273,2024-10-09T12:03:42.273,14.29000000000,0.99782354000,-0.06464153500,0.01276989600,0.00256163250
etaWear,FEAC84C53DE7,1728464622293,2024-10-09T12:03:42.293,14.31000000000,0.99782354000,-0.06464153500,0.01276989600,0.00256163250
etaWear,FEAC84C53DE7,1728464622303,2024-10-09T12:03:42.303,14.32000000000,0.99782354000,-0.06464153500,0.01276989600,0.00256163250
etaWear,FEAC84C53DE7,1728464622323,2024-10-09T12:03:42.323,14.34000000000,0.99782354000,-0.06464153500,0.01276989600,0.00256163250
etaWear,FEAC84C53DE7,1728464622333,2024-10-09T12:03:42.333,14.35000000000,0.99782354000,-0.06464153500,0.01276989600,0.00256163250
etaWear,FEAC84C53DE7,1728464622343,2024-10-09T12:03:42.343,14.36000000000,0.99782354000,-0.06464153500,0.01276989600,0.00256163250
etaWear,FEAC84C53DE7,1728464622353,2024-10-09T12:03:42.353,14.37000000000,0.99782354000,-0.06464153500,0.01276989600,0.00256163250
etaWear,FEAC84C53DE7,1728464622373,2024-10-09T12:03:42.373,14.39000000000,0.99782354000,-0.06464153500,0.01276989600,0.00256163250
etaWear,FEAC84C53DE7,1728464622383,2024-10-09T12:03:42.383,14.40000000000,0.99782354000,-0.06464153500,0.01276989600,0.00256163250
etaWear,FEAC84C53DE7,1728464622393,2024-10-09T12:03:42.393,14.41000000000,0.99782354000,-0.06464153500,0.01276989600,0.00256163250
etaWear,FEAC84C53DE7,1728464622403,2024-10-09T12:03:42.403,14.42000000000,0.99782354000,-0.06464153500,0.01276989600,0.00256163250
etaWear,FEAC84C53DE7,1728464622453,2024-10-09T12:03:42.453,14.47000000000,0.99782354000,-0.06464153500,0.01276989600,0.00256163250
etaWear,FEAC84C53DE7,1728464622463,2024-10-09T12:03:42.463,14.48000000000,0.99782354000,-0.06464153500,0.01276989600,0.00256163250
etaWear,FEAC84C53DE7,1728464622473,2024-10-09T12:03:42.473,14.49000000000,0.99782354000,-0.06464153500,0.01276989600,0.00256163250
etaWear,FEAC84C53DE7,1728464622483,2024-10-09T12:03:42.483,14.50000000000,0.99782354000,-0.06464153500,0.01276989600,0.00256163250
etaWear,FEAC84C53DE7,1728464622493,2024-10-09T12:03:42.493,14.51000000000,0.99782354000,-0.06464153500,0.01276989600,0.00256163250
etaWear,FEAC84C53DE7,1728464622503,2024-10-09T12:03:42.503,14.52000000000,0.99782354000,-0.06464153500,0.01276989600,0.00256163250
etaWear,FEAC84C53DE7,1728464622513,2024-10-09T12:03:42.513,14.53000000000,0.99782354000,-0.06464153500,0.01276989600,0.00256163250
etaWear,FEAC84C53DE7,1728464622533,2024-10-09T12:03:42.533,14.55000000000,0.99782354000,-0.06464153500,0.01276989600,0.00256163250
etaWear,FEAC84C53DE7,1728464622543,2024-10-09T12:03:42.543,14.56000000000,0.99782354000,-0.06464153500,0.01276989600,0.00256163250
etaWear,FEAC84C53DE7,1728464622553,2024-10-09T12:03:42.553,14.57000000000,0.99782354000,-0.06464153500,0.01276989600,0.00256163250
etaWear,FEAC84C53DE7,1728464622563,2024-10-09T12:03:42.563,14.58000000000,0.99782354000,-0.06464153500,0.01276989600,0.00256163250
etaWear,FEAC84C53DE7,1728464622573,2024-10-09T12:03:42.573,14.59000000000,0.99782354000,-0.06464153500,0.01276989600,0.00256163250
etaWear,FEAC84C53DE7,1728464622583,2024-10-09T12:03:42.583,14.60000000000,0.99782354000,-0.06464153500,0.01276989600,0.00256163250
etaWear,FEAC84C53DE7,1728464622593,2024-10-09T12:03:42.593,14.61000000000,0.99782354000,-0.06464153500,0.01276989600,0.00256163250
etaWear,FEAC84C53DE7,1728464622613,2024-10-09T12:03:42.613,14.63000000000,0.99782354000,-0.06464153500,0.01276989600,0.00256163250
etaWear,FEAC84C53DE7,1728464622623,2024-10-09T12:03:42.623,14.64000000000,0.99782354000,-0.06464153500,0.01276989600,0.00256163250
etaWear,FEAC84C53DE7,1728464622633,2024-10-09T12:03:42.633,14.65000000000,0.99782354000,-0.06464153500,0.01276989600,0.00256163250
etaWear,FEAC84C53DE7,1728464622643,2024-10-09T12:03:42.643,14.66000000000,0.99782354000,-0.06464153500,0.01276989600,0.00256163250
etaWear,FEAC84C53DE7,1728464622653,2024-10-09T12:03:42.653,14.67000000000,0.99782354000,-0.06464153500,0.01276989600,0.00256163250
etaWear,FEAC84C53DE7,1728464622663,2024-10-09T12:03:42.663,14.68000000000,0.99782354000,-0.06464153500,0.01276989600,0.00256163250
etaWear,FEAC84C53DE7,1728464622673,2024-10-09T12:03:42.673,14.69000000000,0.99782354000,-0.06464153500,0.01276989600,0.00256163250
etaWear,FEAC84C53DE7,1728464622693,2024-10-09T12:03:42.693,14.71000000000,0.99782354000,-0.06464153500,0.01276989600,0.00256163250
etaWear,FEAC84C53DE7,1728464622703,2024-10-09T12:03:42.703,14.72000000000,0.99782354000,-0.06464153500,0.01276989600,0.00256163250
MetaWear,FEAC84C53DE7,1728464622713,2024-10-09T12:03:42.713,14.73000000000,0.99782354000,-0.06464153500,0.01276989600,0.00256163250
etaWear,FEAC84C53DE7,1728464622723,2024-10-09T12:03:42.723,14.74000000000,0.99782354000,-0.06464153500,0.01276989600,0.00256163250
etaWear,FEAC84C53DE7,1728464622733,2024-10-09T12:03:42.733,14.75000000000,0.99782354000,-0.06464153500,0.01276989600,0.00256163250
etaWear,FEAC84C53DE7,1728464622743,2024-10-09T12:03:42.743,14.76000000000,0.99782354000,-0.06464153500,0.01276989600,0.00256163250
etaWear,FEAC84C53DE7,1728464622753,2024-10-09T12:03:42.753,14.77000000000,0.99782354000,-0.06464153500,0.01276989600,0.00256163250
etaWear,FEAC84C53DE7,1728464622773,2024-10-09T12:03:42.773,14.79000000000,0.99782354000,-0.06464153500,0.01276989600,0.00256163250
etaWear,FEAC84C53DE7,1728464622803,2024-10-09T12:03:42.803,14.82000000000,0.99782354000,-0.06464153500,0.01276989600,0.00256163250
etaWear,FEAC84C53DE7,1728464622813,2024-10-09T12:03:42.813,14.83000000000,0.99782354000,-0.06464153500,0.01276989600,0.00256163250
etaWear,FEAC84C53DE7,1728464622823,2024-10-09T12:03:42.823,14.84000000000,0.99782354000,-0.06464153500,0.01276989600,0.00256163250
etaWear,FEAC84C53DE7,1728464622833,2024-10-09T12:03:42.833,14.85000000000,0.99782354000,-0.06464153500,0.01276989600,0.00256163250
etaWear,FEAC84C53DE7,1728464622853,2024-10-09T12:03:42.853,14.87000000000,0.99782354000,-0.06464153500,0.01276989600,0.00256163250
etaWear,FEAC84C53DE7,1728464622863,2024-10-09T12:03:42.863,14.88000000000,0.99782354000,-0.06464153500,0.01276989600,0.00256163250
etaWear,FEAC84C53DE7,1728464622873,2024-10-09T12:03:42.873,14.89000000000,0.99782354000,-0.06464153500,0.01276989600,0.00256163250
etaWear,FEAC84C53DE7,1728464622883,2024-10-09T12:03:42.883,14.90000000000,0.99782354000,-0.06464153500,0.01276989600,0.00256163250
etaWear,FEAC84C53DE7,1728464622893,2024-10-09T12:03:42.893,14.91000000000,0.99782354000,-0.06464153500,0.01276989600,0.00256163250
etaWear,FEAC84C53DE7,1728464622903,2024-10-09T12:03:42.903,14.92000000000,0.99782354000,-0.06464153500,0.01276989600,0.00256163250
etaWear,FEAC84C53DE7,1728464622913,2024-10-09T12:03:42.913,14.93000000000,0.99782354000,-0.06464153500,0.01276989600,0.00256163250
etaWear,FEAC84C53DE7,1728464622933,2024-10-09T12:03:42.933,14.95000000000,0.99782354000,-0.06464153500,0.01276989600,0.00256163250
etaWear,FEAC84C53DE7,1728464622943,2024-10-09T12:03:42.943,14.96000000000,0.99782354000,-0.06464153500,0.01276989600,0.00256163250
etaWear,FEAC84C53DE7,1728464622963,2024-10-09T12:03:42.963,14.98000000000,0.99782354000,-0.06464153500,0.01276989600,0.00256163250
etaWear,FEAC84C53DE7,1728464622973,2024-10-09T12:03:42.973,14.99000000000,0.99782354000,-0.06464153500,0.01276989600,0.00256163250
etaWear,FEAC84C53DE7,1728464622983,2024-10-09T12:03:42.983,15.00000000000,0.99782354000,-0.06464153500,0.01276989600,0.00256163250
etaWear,FEAC84C53DE7,1728464622993,2024-10-09T12:03:42.993,15.01000000000,0.99782354000,-0.06464153500,0.01276989600,0.00256163250
etaWear,FEAC84C53DE7,1728464623013,2024-10-09T12:03:43.013,15.03000000000,0.99782354000,-0.06464153500,0.01276989600,0.00256163250
etaWear,FEAC84C53DE7,1728464623023,2024-10-09T12:03:43.023,15.04000000000,0.99782354000,-0.06464153500,0.01276989600,0.00256163250
etaWear,FEAC84C53DE7,1728464623033,2024-10-09T12:03:43.033,15.05000000000,0.99782354000,-0.06464153500,0.01276989600,0.00256163250
etaWear,FEAC84C53DE7,1728464623043,2024-10-09T12:03:43.043,15.06000000000,0.99782354000,-0.06464153500,0.01276989600,0.00256163250
etaWear,FEAC84C53DE7,1728464623053,2024-10-09T12:03:43.053,15.07000000000,0.99782354000,-0.06464153500,0.01276989600,0.00256163250
etaWear,FEAC84C53DE7,1728464623063,2024-10-09T12:03:43.063,15.08000000000,0.99782354000,-0.06464153500,0.01276989600,0.00256163250
etaWear,FEAC84C53DE7,1728464623073,2024-10-09T12:03:43.073,15.09000000000,0.99782354000,-0.06464153500,0.01276989600,0.00256163250
MetaWear,FEAC84C53DE7,1728464622713,2024-10-09T12:03:42.713,14.73000000000,0.99782354000,-0.06464153500,0.01276989600,0.00256163250
etaWear,FEAC84C53DE7,1728464622723,2024-10-09T12:03:42.723,14.74000000000,0.99782354000,-0.06464153500,0.01276989600,0.00256163250
etaWear,FEAC84C53DE7,1728464622733,2024-10-09T12:03:42.733,14.75000000000,0.99782354000,-0.06464153500,0.01276989600,0.00256163250
etaWear,FEAC84C53DE7,1728464622743,2024-10-09T12:03:42.743,14.76000000000,0.99782354000,-0.06464153500,0.01276989600,0.00256163250
etaWear,FEAC84C53DE7,1728464622753,2024-10-09T12:03:42.753,14.77000000000,0.99782354000,-0.06464153500,0.01276989600,0.00256163250
etaWear,FEAC84C53DE7,1728464622773,2024-10-09T12:03:42.773,14.79000000000,0.99782354000,-0.06464153500,0.01276989600,0.00256163250
etaWear,FEAC84C53DE7,1728464622803,2024-10-09T12:03:42.803,14.82000000000,0.99782354000,-0.06464153500,0.01276989600,0.00256163250
etaWear,FEAC84C53DE7,1728464622813,2024-10-09T12:03:42.813,14.83000000000,0.99782354000,-0.06464153500,0.01276989600,0.00256163250
etaWear,FEAC84C53DE7,1728464622823,2024-10-09T12:03:42.823,14.84000000000,0.99782354000,-0.06464153500,0.01276989600,0.00256163250
etaWear,FEAC84C53DE7,1728464622833,2024-10-09T12:03:42.833,14.85000000000,0.99782354000,-0.06464153500,0.01276989600,0.00256163250
etaWear,FEAC84C53DE7,1728464622853,2024-10-09T12:03:42.853,14.87000000000,0.99782354000,-0.06464153500,0.01276989600,0.00256163250
etaWear,FEAC84C53DE7,1728464622863,2024-10-09T12:03:42.863,14.88000000000,0.99782354000,-0.06464153500,0.01276989600,0.00256163250
etaWear,FEAC84C53DE7,1728464622873,2024-10-09T12:03:42.873,14.89000000000,0.99782354000,-0.06464153500,0.01276989600,0.00256163250
etaWear,FEAC84C53DE7,1728464622883,2024-10-09T12:03:42.883,14.90000000000,0.99782354000,-0.06464153500,0.01276989600,0.00256163250
etaWear,FEAC84C53DE7,1728464622893,2024-10-09T12:03:42.893,14.91000000000,0.99782354000,-0.06464153500,0.01276989600,0.00256163250
etaWear,FEAC84C53DE7,1728464622903,2024-10-09T12:03:42.903,14.92000000000,0.99782354000,-0.06464153500,0.01276989600,0.00256163250
etaWear,FEAC84C53DE7,1728464622913,2024-10-09T12:03:42.913,14.93000000000,0.99782354000,-0.06464153500,0.01276989600,0.00256163250
etaWear,FEAC84C53DE7,1728464622933,2024-10-09T12:03:42.933,14.95000000000,0.99782354000,-0.06464153500,0.01276989600,0.00256163250
etaWear,FEAC84C53DE7,1728464622943,2024-10-09T12:03:42.943,14.96000000000,0.99782354000,-0.06464153500,0.01276989600,0.00256163250
etaWear,FEAC84C53DE7,1728464622963,2024-10-09T12:03:42.963,14.98000000000,0.99782354000,-0.06464153500,0.01276989600,0.00256163250
etaWear,FEAC84C53DE7,1728464622973,2024-10-09T12:03:42.973,14.99000000000,0.99782354000,-0.06464153500,0.01276989600,0.00256163250
etaWear,FEAC84C53DE7,1728464622983,2024-10-09T12:03:42.983,15.00000000000,0.99782354000,-0.06464153500,0.01276989600,0.00256163250
etaWear,FEAC84C53DE7,1728464622993,2024-10-09T12:03:42.993,15.01000000000,0.99782354000,-0.06464153500,0.01276989600,0.00256163250
etaWear,FEAC84C53DE7,1728464623013,2024-10-09T12:03:43.013,15.03000000000,0.99782354000,-0.06464153500,0.01276989600,0.00256163250
etaWear,FEAC84C53DE7,1728464623023,2024-10-09T12:03:43.023,15.04000000000,0.99782354000,-0.06464153500,0.01276989600,0.00256163250
etaWear,FEAC84C53DE7,1728464623033,2024-10-09T12:03:43.033,15.05000000000,0.99782354000,-0.06464153500,0.01276989600,0.00256163250
etaWear,FEAC84C53DE7,1728464623043,2024-10-09T12:03:43.043,15.06000000000,0.99782354000,-0.06464153500,0.01276989600,0.00256163250
etaWear,FEAC84C53DE7,1728464623053,2024-10-09T12:03:43.053,15.07000000000,0.99782354000,-0.06464153500,0.01276989600,0.00256163250
etaWear,FEAC84C53DE7,1728464623063,2024-10-09T12:03:43.063,15.08000000000,0.99782354000,-0.06464153500,0.01276989600,0.00256163250
etaWear,FEAC84C53DE7,1728464623293,2024-10-09T12:03:43.293,15.31000000000,0.99782354000,-0.06464153500,0.01276989600,0.00256163250
etaWear,FEAC84C53DE7,1728464623303,2024-10-09T12:03:43.303,15.32000000000,0.99782354000,-0.06464153500,0.01276989600,0.00256163250
etaWear,FEAC84C53DE7,1728464623313,2024-10-09T12:03:43.313,15.33000000000,0.99782354000,-0.06464153500,0.01276989600,0.00256163250
etaWear,FEAC84C53DE7,1728464623323,2024-10-09T12:03:43.323,15.34000000000,0.99782354000,-0.06464153500,0.01276989600,0.00256163250
etaWear,FEAC84C53DE7,1728464623343,2024-10-09T12:03:43.343,15.36000000000,0.99782354000,-0.06464153500,0.01276989600,0.00256163250
etaWear,FEAC84C53DE7,1728464623353,2024-10-09T12:03:43.353,15.37000000000,0.99782354000,-0.06464153500,0.01276989600,0.00256163250
etaWear,FEAC84C53DE7,1728464623363,2024-10-09T12:03:43.363,15.38000000000,0.99782354000,-0.06464153500,0.01276989600,0.00256163250
etaWear,FEAC84C53DE7,1728464623373,2024-10-09T12:03:43.373,15.39000000000,0.99782354000,-0.06464153500,0.01276989600,0.00256163250
etaWear,FEAC84C53DE7,1728464623383,2024-10-09T12:03:43.383,15.40000000000,0.99782354000,-0.06464153500,0.01276989600,0.00256163250
etaWear,FEAC84C53DE7,1728464623393,2024-10-09T12:03:43.393,15.41000000000,0.99782354000,-0.06464153500,0.01276989600,0.00256163250
etaWear,FEAC84C53DE7,1728464623403,2024-10-09T12:03:43.403,15.42000000000,0.99782354000,-0.06464153500,0.01276989600,0.00256163250
etaWear,FEAC84C53DE7,1728464623423,2024-10-09T12:03:43.423,15.44000000000,0.99782354000,-0.06464153500,0.01276989600,0.00256163250
etaWear,FEAC84C53DE7,1728464623433,2024-10-09T12:03:43.433,15.45000000000,0.99782354000,-0.06464153500,0.01276989600,0.00256163250
etaWear,FEAC84C53DE7,1728464623443,2024-10-09T12:03:43.443,15.46000000000,0.99782354000,-0.06464153500,0.01276989600,0.00256163250
etaWear,FEAC84C53DE7,1728464623453,2024-10-09T12:03:43.453,15.47000000000,0.99782354000,-0.06464153500,0.01276989600,0.00256163250
etaWear,FEAC84C53DE7,1728464623463,2024-10-09T12:03:43.463,15.48000000000,0.99782354000,-0.06464153500,0.01276989600,0.00256163250
etaWear,FEAC84C53DE7,1728464623473,2024-10-09T12:03:43.473,15.49000000000,0.99782354000,-0.06464153500,0.01276989600,0.00256163250
etaWear,FEAC84C53DE7,1728464623483,2024-10-09T12:03:43.483,15.50000000000,0.99782354000,-0.06464153500,0.01276989600,0.00256163250
etaWear,FEAC84C53DE7,1728464623503,2024-10-09T12:03:43.503,15.52000000000,0.99782354000,-0.06464153500,0.01276989600,0.00256163250
etaWear,FEAC84C53DE7,1728464623513,2024-10-09T12:03:43.513,15.53000000000,0.99782354000,-0.06464153500,0.01276989600,0.00256163250
etaWear,FEAC84C53DE7,1728464623523,2024-10-09T12:03:43.523,15.54000000000,0.99782354000,-0.06464153500,0.01276989600,0.00256163250
etaWear,FEAC84C53DE7,1728464623533,2024-10-09T12:03:43.533,15.55000000000,0.99782354000,-0.06464153500,0.01276989600,0.00256163250
etaWear,FEAC84C53DE7,1728464623543,2024-10-09T12:03:43.543,15.56000000000,0.99782354000,-0.06464153500,0.01276989600,0.00256163250
etaWear,FEAC84C53DE7,1728464623553,2024-10-09T12:03:43.553,15.57000000000,0.99782354000,-0.06464153500,0.01276989600,0.00256163250
etaWear,FEAC84C53DE7,1728464623563,2024-10-09T12:03:43.563,15.58000000000,0.99782354000,-0.06464153500,0.01276989600,0.00256163250
etaWear,FEAC84C53DE7,1728464623583,2024-10-09T12:03:43.583,15.60000000000,0.99782354000,-0.06464153500,0.01276989600,0.00256163250
etaWear,FEAC84C53DE7,1728464623593,2024-10-09T12:03:43.593,15.61000000000,0.99782354000,-0.06464153500,0.01276989600,0.00256163250
etaWear,FEAC84C53DE7,1728464623603,2024-10-09T12:03:43.603,15.62000000000,0.99782354000,-0.06464153500,0.01276989600,0.00256163250
etaWear,FEAC84C53DE7,1728464623613,2024-10-09T12:03:43.613,15.63000000000,0.99782354000,-0.06464153500,0.01276989600,0.00256163250
etaWear,FEAC84C53DE7,1728464623623,2024-10-09T12:03:43.623,15.64000000000,0.99782354000,-0.06464153500,0.01276989600,0.00256163250
etaWear,FEAC84C53DE7,1728464623633,2024-10-09T12:03:43.633,15.65000000000,0.99782354000,-0.06464153500,0.01276989600,0.00256163250
etaWear,FEAC84C53DE7,1728464623643,2024-10-09T12:03:43.643,15.66000000000,0.99782354000,-0.06464153500,0.01276989600,0.00256163250
etaWear,FEAC84C53DE7,1728464623663,2024-10-09T12:03:43.663,15.68000000000,0.99782354000,-0.06464153500,0.01276989600,0.00256163250
etaWear,FEAC84C53DE7,1728464623673,2024-10-09T12:03:43.673,15.69000000000,0.99782354000,-0.06464153500,0.01276989600,0.00256163250
etaWear,FEAC84C53DE7,1728464623683,2024-10-09T12:03:43.683,15.70000000000,0.99782354000,-0.06464153500,0.01276989600,0.00256163250
etaWear,FEAC84C53DE7,1728464623693,2024-10-09T12:03:43.693,15.71000000000,0.99782354000,-0.06464153500,0.01276989600,0.00256163250
etaWear,FEAC84C53DE7,1728464623703,2024-10-09T12:03:43.703,15.72000000000,0.99782354000,-0.06464153500,0.01276989600,0.00256163250
etaWear,FEAC84C53DE7,1728464623713,2024-10-09T12:03:43.713,15.73000000000,0.99782354000,-0.06464153500,0.01276989600,0.00256163250
etaWear,FEAC84C53DE7,1728464624063,2024-10-09T12:03:44.063,16.08000000000,0.99782354000,-0.06464153500,0.01276989600,0.00256163250
etaWear,FEAC84C53DE7,1728464624073,2024-10-09T12:03:44.073,16.09000000000,0.99782354000,-0.06464153500,0.01276989600,0.00256163250
etaWear,FEAC84C53DE7,1728464624083,2024-10-09T12:03:44.083,16.10000000000,0.99782354000,-0.06464153500,0.01276989600,0.00256163250
etaWear,FEAC84C53DE7,1728464624093,2024-10-09T12:03:44.093,16.11000000000,0.99782354000,-0.06464153500,0.01276989600,0.00256163250
etaWear,FEAC84C53DE7,1728464624103,2024-10-09T12:03:44.103,16.12000000000,0.99782354000,-0.06464153500,0.01276989600,0.00256163250
etaWear,FEAC84C53DE7,1728464624113,2024-10-09T12:03:44.113,16.13000000000,0.99782354000,-0.06464153500,0.01276989600,0.00256163250
etaWear,FEAC84C53DE7,1728464624123,2024-10-09T12:03:44.123,16.14000000000,0.99782354000,-0.06464153500,0.01276989600,0.00256163250
etaWear,FEAC84C53DE7,1728464624143,2024-10-09T12:03:44.143,16.16000000000,0.99782354000,-0.06464153500,0.01276989600,0.00256163250
etaWear,FEAC84C53DE7,1728464624153,2024-10-09T12:03:44.153,16.17000000000,0.99782354000,-0.06464153500,0.01276989600,0.00256163250
etaWear,FEAC84C53DE7,1728464624163,2024-10-09T12:03:44.163,16.18000000000,0.99782354000,-0.06464153500,0.01276989600,0.00256163250
etaWear,FEAC84C53DE7,1728464624173,2024-10-09T12:03:44.173,16.19000000000,0.99782354000,-0.06464153500,0.01276989600,0.00256163250
etaWear,FEAC84C53DE7,1728464624183,2024-10-09T12:03:44.183,16.20000000000,0.99782354000,-0.06464153500,0.01276989600,0.00256163250
etaWear,FEAC84C53DE7,1728464624193,2024-10-09T12:03:44.193,16.21000000000,0.99782354000,-0.06464153500,0.01276989600,0.00256163250
etaWear,FEAC84C53DE7,1728464624203,2024-10-09T12:03:44.203,16.22000000000,0.99782354000,-0.06464153500,0.01276989600,0.00256163250
etaWear,FEAC84C53DE7,1728464624223,2024-10-09T12:03:44.223,16.24000000000,0.99782354000,-0.06464153500,0.01276989600,0.00256163250
etaWear,FEAC84C53DE7,1728464624233,2024-10-09T12:03:44.233,16.25000000000,0.99782354000,-0.06464153500,0.01276989600,0.00256163250
etaWear,FEAC84C53DE7,1728464624243,2024-10-09T12:03:44.243,16.26000000000,0.99782354000,-0.06464153500,0.01276989600,0.00256163250
etaWear,FEAC84C53DE7,1728464624253,2024-10-09T12:03:44.253,16.27000000000,0.99782354000,-0.06464153500,0.01276989600,0.00256163250
etaWear,FEAC84C53DE7,1728464624263,2024-10-09T12:03:44.263,16.28000000000,0.99782354000,-0.06464153500,0.01276989600,0.00256163250
etaWear,FEAC84C53DE7,1728464624273,2024-10-09T12:03:44.273,16.29000000000,0.99782354000,-0.06464153500,0.01276989600,0.00256163250
etaWear,FEAC84C53DE7,1728464624283,2024-10-09T12:03:44.283,16.30000000000,0.99782354000,-0.06464153500,0.01276989600,0.00256163250
etaWear,FEAC84C53DE7,1728464624303,2024-10-09T12:03:44.303,16.32000000000,0.99782354000,-0.06464153500,0.01276989600,0.00256163250
MetaWear,FEAC84C53DE7,1728464624313,2024-10-09T12:03:44.313,16.33000000000,0.99782354000,-0.06464153500,0.01276989600,0.00256163250
etaWear,FEAC84C53DE7,1728464624323,2024-10-09T12:03:44.323,16.34000000000,0.99782354000,-0.06464153500,0.01276989600,0.00256163250
etaWear,FEAC84C53DE7,1728464624333,2024-10-09T12:03:44.333,16.35000000000,0.99782354000,-0.06464153500,0.01276989600,0.00256163250
etaWear,FEAC84C53DE7,1728464624343,2024-10-09T12:03:44.343,16.36000000000,0.99782354000,-0.06464153500,0.01276989600,0.00256163250
etaWear,FEAC84C53DE7,1728464624353,2024-10-09T12:03:44.353,16.37000000000,0.99782354000,-0.06464153500,0.01276989600,0.00256163250
etaWear,FEAC84C53DE7,1728464624363,2024-10-09T12:03:44.363,16.38000000000,0.99782354000,-0.06464153500,0.01276989600,0.00256163250
etaWear,FEAC84C53DE7,1728464624383,2024-10-09T12:03:44.383,16.40000000000,0.99782354000,-0.06464153500,0.01276989600,0.00256163250
etaWear,FEAC84C53DE7,1728464624393,2024-10-09T12:03:44.393,16.41000000000,0.99782354000,-0.06464153500,0.01276989600,0.00256163250
etaWear,FEAC84C53DE7,1728464624403,2024-10-09T12:03:44.403,16.42000000000,0.99782354000,-0.06464153500,0.01276989600,0.00256163250
etaWear,FEAC84C53DE7,1728464624413,2024-10-09T12:03:44.413,16.43000000000,0.99782354000,-0.06464153500,0.01276989600,0.00256163250
etaWear,FEAC84C53DE7,1728464624423,2024-10-09T12:03:44.423,16.44000000000,0.99782354000,-0.06464153500,0.01276989600,0.00256163250
etaWear,FEAC84C53DE7,1728464624433,2024-10-09T12:03:44.433,16.45000000000,0.99782354000,-0.06464153500,0.01276989600,0.00256163250
etaWear,FEAC84C53DE7,1728464624443,2024-10-09T12:03:44.443,16.46000000000,0.99782354000,-0.06464153500,0.01276989600,0.00256163250
etaWear,FEAC84C53DE7,1728464624463,2024-10-09T12:03:44.463,16.48000000000,0.99782354000,-0.06464153500,0.01276989600,0.00256163250
etaWear,FEAC84C53DE7,1728464624473,2024-10-09T12:03:44.473,16.49000000000,0.99782354000,-0.06464153500,0.01276989600,0.00256163250
etaWear,FEAC84C53DE7,1728464624483,2024-10-09T12:03:44.483,16.50000000000,0.99782354000,-0.06464153500,0.01276989600,0.00256163250
etaWear,FEAC84C53DE7,1728464624493,2024-10-09T12:03:44.493,16.51000000000,0.99782354000,-0.06464153500,0.01276989600,0.00256163250
etaWear,FEAC84C53DE7,1728464624503,2024-10-09T12:03:44.503,16.52000000000,0.99782354000,-0.06464153500,0.01276989600,0.00256163250
etaWear,FEAC84C53DE7,1728464624513,2024-10-09T12:03:44.513,16.53000000000,0.99782354000,-0.06464153500,0.01276989600,0.00256163250
etaWear,FEAC84C53DE7,1728464624523,2024-10-09T12:03:44.523,16.54000000000,0.99782354000,-0.06464153500,0.01276989600,0.00256163250
etaWear,FEAC84C53DE7,1728464624533,2024-10-09T12:03:44.533,16.55000000000,0.99782354000,-0.06464153500,0.01276989600,0.00256163250
etaWear,FEAC84C53DE7,1728464624553,2024-10-09T12:03:44.553,16.57000000000,0.99782354000,-0.06464153500,0.01276989600,0.00256163250
etaWear,FEAC84C53DE7,1728464624563,2024-10-09T12:03:44.563,16.58000000000,0.99782354000,-0.06464153500,0.01276989600,0.00256163250
etaWear,FEAC84C53DE7,1728464624573,2024-10-09T12:03:44.573,16.59000000000,0.99782354000,-0.06464153500,0.01276989600,0.00256163250
etaWear,FEAC84C53DE7,1728464624583,2024-10-09T12:03:44.583,16.60000000000,0.99782354000,-0.06464153500,0.01276989600,0.00256163250
etaWear,FEAC84C53DE7,1728464624593,2024-10-09T12:03:44.593,16.61000000000,0.99782354000,-0.06464153500,0.01276989600,0.00256163250
etaWear,FEAC84C53DE7,1728464624603,2024-10-09T12:03:44.603,16.62000000000,0.99782354000,-0.06464153500,0.01276989600,0.00256163250
etaWear,FEAC84C53DE7,1728464624663,2024-10-09T12:03:44.663,16.68000000000,0.99782354000,-0.06464153500,0.01276989600,0.00256163250
etaWear,FEAC84C53DE7,1728464624673,2024-10-09T12:03:44.673,16.69000000000,0.99782354000,-0.06464153500,0.01276989600,0.00256163250
etaWear,FEAC84C53DE7,1728464624683,2024-10-09T12:03:44.683,16.70000000000,0.99782354000,-0.06464153500,0.01276989600,0.00256163250
etaWear,FEAC84C53DE7,1728464624693,2024-10-09T12:03:44.693,16.71000000000,0.99782354000,-0.06464153500,0.01276989600,0.00256163250
etaWear,FEAC84C53DE7,1728464624713,2024-10-09T12:03:44.713,16.73000000000,0.99782354000,-0.06464153500,0.01276989600,0.00256163250
etaWear,FEAC84C53DE7,1728464624723,2024-10-09T12:03:44.723,16.74000000000,0.99782354000,-0.06464153500,0.01276989600,0.00256163250
etaWear,FEAC84C53DE7,1728464624743,2024-10-09T12:03:44.743,16.76000000000,0.99782354000,-0.06464153500,0.01276989600,0.00256163250
etaWear,FEAC84C53DE7,1728464624753,2024-10-09T12:03:44.753,16.77000000000,0.99782354000,-0.06464153500,0.01276989600,0.00256163250
etaWear,FEAC84C53DE7,1728464624773,2024-10-09T12:03:44.773,16.79000000000,0.99782354000,-0.06464153500,0.01276989600,0.00256163250
etaWear,FEAC84C53DE7,1728464624793,2024-10-09T12:03:44.793,16.81000000000,0.99782354000,-0.06464153500,0.01276989600,0.00256163250
etaWear,FEAC84C53DE7,1728464624803,2024-10-09T12:03:44.803,16.82000000000,0.99782354000,-0.06464153500,0.01276989600,0.00256163250
etaWear,FEAC84C53DE7,1728464624813,2024-10-09T12:03:44.813,16.83000000000,0.99782354000,-0.06464153500,0.01276989600,0.00256163250
etaWear,FEAC84C53DE7,1728464624823,2024-10-09T12:03:44.823,16.84000000000,0.99782354000,-0.06464153500,0.01276989600,0.00256163250
etaWear,FEAC84C53DE7,1728464624833,2024-10-09T12:03:44.833,16.85000000000,0.99782354000,-0.06464153500,0.01276989600,0.00256163250
etaWear,FEAC84C53DE7,1728464624843,2024-10-09T12:03:44.843,16.86000000000,0.99782354000,-0.06464153500,0.01276989600,0.00256163250
etaWear,FEAC84C53DE7,1728464624853,2024-10-09T12:03:44.853,16.87000000000,0.99782354000,-0.06464153500,0.01276989600,0.00256163250
etaWear,FEAC84C53DE7,1728464624873,2024-10-09T12:03:44.873,16.89000000000,0.99782354000,-0.06464153500,0.01276989600,0.00256163250
etaWear,FEAC84C53DE7,1728464624883,2024-10-09T12:03:44.883,16.90000000000,0.99782354000,-0.06464153500,0.01276989600,0.00256163250
etaWear,FEAC84C53DE7,1728464624893,2024-10-09T12:03:44.893,16.91000000000,0.99782354000,-0.06464153500,0.01276989600,0.00256163250
etaWear,FEAC84C53DE7,1728464624903,2024-10-09T12:03:44.903,16.92000000000,0.99782354000,-0.06464153500,0.01276989600,0.00256163250
etaWear,FEAC84C53DE7,1728464624913,2024-10-09T12:03:44.913,16.93000000000,0.99782354000,-0.06464153500,0.01276989600,0.00256163250
etaWear,FEAC84C53DE7,1728464624923,2024-10-09T12:03:44.923,16.94000000000,0.99782354000,-0.06464153500,0.01276989600,0.00256163250
etaWear,FEAC84C53DE7,1728464624933,2024-10-09T12:03:44.933,16.95000000000,0.99782354000,-0.06464153500,0.01276989600,0.00256163250
etaWear,FEAC84C53DE7,1728464624953,2024-10-09T12:03:44.953,16.97000000000,0.99782354000,-0.06464153500,0.01276989600,0.00256163250
etaWear,FEAC84C53DE7,1728464625053,2024-10-09T12:03:45.053,17.07000000000,0.99782354000,-0.06464153500,0.01276989600,0.00256163250
etaWear,FEAC84C53DE7,1728464625063,2024-10-09T12:03:45.063,17.08000000000,0.99782354000,-0.06464153500,0.01276989600,0.00256163250
etaWear,FEAC84C53DE7,1728464625073,2024-10-09T12:03:45.073,17.09000000000,0.99782354000,-0.06464153500,0.01276989600,0.00256163250
etaWear,FEAC84C53DE7,1728464625083,2024-10-09T12:03:45.083,17.10000000000,0.99782354000,-0.06464153500,0.01276989600,0.00256163250
etaWear,FEAC84C53DE7,1728464625093,2024-10-09T12:03:45.093,17.11000000000,0.99782354000,-0.06464153500,0.01276989600,0.00256163250
etaWear,FEAC84C53DE7,1728464625113,2024-10-09T12:03:45.113,17.13000000000,0.99782354000,-0.06464153500,0.01276989600,0.00256163250
etaWear,FEAC84C53DE7,1728464625123,2024-10-09T12:03:45.123,17.14000000000,0.99782354000,-0.06464153500,0.01276989600,0.00256163250
etaWear,FEAC84C53DE7,1728464625133,2024-10-09T12:03:45.133,17.15000000000,0.99782354000,-0.06464153500,0.01276989600,0.00256163250
etaWear,FEAC84C53DE7,1728464625143,2024-10-09T12:03:45.143,17.16000000000,0.99782354000,-0.06464153500,0.01276989600,0.00256163250
etaWear,FEAC84C53DE7,1728464625153,2024-10-09T12:03:45.153,17.17000000000,0.99782354000,-0.06464153500,0.01276989600,0.00256163250
etaWear,FEAC84C53DE7,1728464625163,2024-10-09T12:03:45.163,17.18000000000,0.99782354000,-0.06464153500,0.01276989600,0.00256163250
etaWear,FEAC84C53DE7,1728464625173,2024-10-09T12:03:45.173,17.19000000000,0.99782354000,-0.06464153500,0.01276989600,0.00256163250
etaWear,FEAC84C53DE7,1728464625193,2024-10-09T12:03:45.193,17.21000000000,0.99782354000,-0.06464153500,0.01276989600,0.00256163250
etaWear,FEAC84C53DE7,1728464625203,2024-10-09T12:03:45.203,17.22000000000,0.99782354000,-0.06464153500,0.01276989600,0.00256163250
etaWear,FEAC84C53DE7,1728464625213,2024-10-09T12:03:45.213,17.23000000000,0.99782354000,-0.06464153500,0.01276989600,0.00256163250
etaWear,FEAC84C53DE7,1728464625223,2024-10-09T12:03:45.223,17.24000000000,0.99782354000,-0.06464153500,0.01276989600,0.00256163250
etaWear,FEAC84C53DE7,1728464625233,2024-10-09T12:03:45.233,17.25000000000,0.99782354000,-0.06464153500,0.01276989600,0.00256163250
etaWear,FEAC84C53DE7,1728464625243,2024-10-09T12:03:45.243,17.26000000000,0.99782354000,-0.06464153500,0.01276989600,0.00256163250
etaWear,FEAC84C53DE7,1728464625253,2024-10-09T12:03:45.253,17.27000000000,0.99782354000,-0.06464153500,0.01276989600,0.00256163250
etaWear,FEAC84C53DE7,1728464625273,2024-10-09T12:03:45.273,17.29000000000,0.99782354000,-0.06464153500,0.01276989600,0.00256163250
etaWear,FEAC84C53DE7,1728464625283,2024-10-09T12:03:45.283,17.30000000000,0.99782354000,-0.06464153500,0.01276989600,0.00256163250
etaWear,FEAC84C53DE7,1728464625293,2024-10-09T12:03:45.293,17.31000000000,0.99782354000,-0.06464153500,0.01276989600,0.00256163250
etaWear,FEAC84C53DE7,1728464625303,2024-10-09T12:03:45.303,17.32000000000,0.99782354000,-0.06464153500,0.01276989600,0.00256163250
etaWear,FEAC84C53DE7,1728464625313,2024-10-09T12:03:45.313,17.33000000000,0.99782354000,-0.06464153500,0.01276989600,0.00256163250
etaWear,FEAC84C53DE7,1728464625363,2024-10-09T12:03:45.363,17.38000000000,0.99782354000,-0.06464153500,0.01276989600,0.00256163250
etaWear,FEAC84C53DE7,1728464625373,2024-10-09T12:03:45.373,17.39000000000,0.99782354000,-0.06464153500,0.01276989600,0.00256163250
etaWear,FEAC84C53DE7,1728464625383,2024-10-09T12:03:45.383,17.40000000000,0.99782354000,-0.06464153500,0.01276989600,0.00256163250
etaWear,FEAC84C53DE7,1728464625393,2024-10-09T12:03:45.393,17.41000000000,0.99782354000,-0.06464153500,0.01276989600,0.00256163250
etaWear,FEAC84C53DE7,1728464625403,2024-10-09T12:03:45.403,17.42000000000,0.99782354000,-0.06464153500,0.01276989600,0.00256163250
etaWear,FEAC84C53DE7,1728464625413,2024-10-09T12:03:45.413,17.43000000000,0.99782354000,-0.06464153500,0.01276989600,0.00256163250
etaWear,FEAC84C53DE7,1728464625433,2024-10-09T12:03:45.433,17.45000000000,0.99782354000,-0.06464153500,0.01276989600,0.00256163250
etaWear,FEAC84C53DE7,1728464625443,2024-10-09T12:03:45.443,17.46000000000,0.99782354000,-0.06464153500,0.01276989600,0.00256163250
etaWear,FEAC84C53DE7,1728464625453,2024-10-09T12:03:45.453,17.47000000000,0.99782354000,-0.06464153500,0.01276989600,0.00256163250
etaWear,FEAC84C53DE7,1728464625463,2024-10-09T12:03:45.463,17.48000000000,0.99782354000,-0.06464153500,0.01276989600,0.00256163250
etaWear,FEAC84C53DE7,1728464625473,2024-10-09T12:03:45.473,17.49000000000,0.99782354000,-0.06464153500,0.01276989600,0.00256163250
etaWear,FEAC84C53DE7,1728464625483,2024-10-09T12:03:45.483,17.50000000000,0.99782354000,-0.06464153500,0.01276989600,0.00256163250
etaWear,FEAC84C53DE7,1728464625493,2024-10-09T12:03:45.493,17.51000000000,0.99782354000,-0.06464153500,0.01276989600,0.00256163250
etaWear,FEAC84C53DE7,1728464625513,2024-10-09T12:03:45.513,17.53000000000,0.99782354000,-0.06464153500,0.01276989600,0.00256163250
etaWear,FEAC84C53DE7,1728464625523,2024-10-09T12:03:45.523,17.54000000000,0.99782354000,-0.06464153500,0.01276989600,0.00256163250
etaWear,FEAC84C53DE7,1728464625533,2024-10-09T12:03:45.533,17.55000000000,0.99782354000,-0.06464153500,0.01276989600,0.00256163250
etaWear,FEAC84C53DE7,1728464625543,2024-10-09T12:03:45.543,17.56000000000,0.99782354000,-0.06464153500,0.01276989600,0.00256163250
etaWear,FEAC84C53DE7,1728464625553,2024-10-09T12:03:45.553,17.57000000000,0.99782354000,-0.06464153500,0.01276989600,0.00256163250
etaWear,FEAC84C53DE7,1728464625563,2024-10-09T12:03:45.563,17.58000000000,0.99782354000,-0.06464153500,0.01276989600,0.00256163250
etaWear,FEAC84C53DE7,1728464625573,2024-10-09T12:03:45.573,17.59000000000,0.99782354000,-0.06464153500,0.01276989600,0.00256163250
etaWear,FEAC84C53DE7,1728464625593,2024-10-09T12:03:45.593,17.61000000000,0.99782354000,-0.06464153500,0.01276989600,0.00256163250
etaWear,FEAC84C53DE7,1728464625603,2024-10-09T12:03:45.603,17.62000000000,0.99782354000,-0.06464153500,0.01276989600,0.00256163250
etaWear,FEAC84C53DE7,1728464625613,2024-10-09T12:03:45.613,17.63000000000,0.99782354000,-0.06464153500,0.01276989600,0.00256163250
etaWear,FEAC84C53DE7,1728464625623,2024-10-09T12:03:45.623,17.64000000000,0.99782354000,-0.06464153500,0.01276989600,0.00256163250
MetaWear,FEAC84C53DE7,1728464625633,2024-10-09T12:03:45.633,17.65000000000,0.99782354000,-0.06464153500,0.01276989600,0.00256163250
etaWear,FEAC84C53DE7,1728464625643,2024-10-09T12:03:45.643,17.66000000000,0.99782354000,-0.06464153500,0.01276989600,0.00256163250
etaWear,FEAC84C53DE7,1728464625653,2024-10-09T12:03:45.653,17.67000000000,0.99782354000,-0.06464153500,0.01276989600,0.00256163250
etaWear,FEAC84C53DE7,1728464625683,2024-10-09T12:03:45.683,17.70000000000,0.99782354000,-0.06464153500,0.01276989600,0.00256163250
etaWear,FEAC84C53DE7,1728464625693,2024-10-09T12:03:45.693,17.71000000000,0.99782354000,-0.06464153500,0.01276989600,0.00256163250
etaWear,FEAC84C53DE7,1728464625703,2024-10-09T12:03:45.703,17.72000000000,0.99782354000,-0.06464153500,0.01276989600,0.00256163250
etaWear,FEAC84C53DE7,1728464625713,2024-10-09T12:03:45.713,17.73000000000,0.99782354000,-0.06464153500,0.01276989600,0.00256163250
etaWear,FEAC84C53DE7,1728464625723,2024-10-09T12:03:45.723,17.74000000000,0.99782354000,-0.06464153500,0.01276989600,0.00256163250
etaWear,FEAC84C53DE7,1728464625733,2024-10-09T12:03:45.733,17.75000000000,0.99782354000,-0.06464153500,0.01276989600,0.00256163250
etaWear,FEAC84C53DE7,1728464625753,2024-10-09T12:03:45.753,17.77000000000,0.99782354000,-0.06464153500,0.01276989600,0.00256163250
etaWear,FEAC84C53DE7,1728464625763,2024-10-09T12:03:45.763,17.78000000000,0.99782354000,-0.06464153500,0.01276989600,0.00256163250
etaWear,FEAC84C53DE7,1728464625773,2024-10-09T12:03:45.773,17.79000000000,0.99782354000,-0.06464153500,0.01276989600,0.00256163250
etaWear,FEAC84C53DE7,1728464625783,2024-10-09T12:03:45.783,17.80000000000,0.99782354000,-0.06464153500,0.01276989600,0.00256163250
etaWear,FEAC84C53DE7,1728464625793,2024-10-09T12:03:45.793,17.81000000000,0.99782354000,-0.06464153500,0.01276989600,0.00256163250
etaWear,FEAC84C53DE7,1728464625803,2024-10-09T12:03:45.803,17.82000000000,0.99782354000,-0.06464153500,0.01276989600,0.00256163250
etaWear,FEAC84C53DE7,1728464625813,2024-10-09T12:03:45.813,17.83000000000,0.99782354000,-0.06464153500,0.01276989600,0.00256163250
etaWear,FEAC84C53DE7,1728464625823,2024-10-09T12:03:45.823,17.84000000000,0.99782354000,-0.06464153500,0.01276989600,0.00256163250
etaWear,FEAC84C53DE7,1728464625843,2024-10-09T12:03:45.843,17.86000000000,0.99782354000,-0.06464153500,0.01276989600,0.00256163250
etaWear,FEAC84C53DE7,1728464625853,2024-10-09T12:03:45.853,17.87000000000,0.99782354000,-0.06464153500,0.01276989600,0.00256163250
etaWear,FEAC84C53DE7,1728464625863,2024-10-09T12:03:45.863,17.88000000000,0.99782354000,-0.06464153500,0.01276989600,0.00256163250
etaWear,FEAC84C53DE7,1728464625873,2024-10-09T12:03:45.873,17.89000000000,0.99782354000,-0.06464153500,0.01276989600,0.00256163250
etaWear,FEAC84C53DE7,1728464625883,2024-10-09T12:03:45.883,17.90000000000,0.99782354000,-0.06464153500,0.01276989600,0.00256163250
etaWear,FEAC84C53DE7,1728464625893,2024-10-09T12:03:45.893,17.91000000000,0.99782354000,-0.06464153500,0.01276989600,0.00256163250
etaWear,FEAC84C53DE7,1728464625903,2024-10-09T12:03:45.903,17.92000000000,0.99782354000,-0.06464153500,0.01276989600,0.00256163250
etaWear,FEAC84C53DE7,1728464625923,2024-10-09T12:03:45.923,17.94000000000,0.99782354000,-0.06464153500,0.01276989600,0.00256163250
etaWear,FEAC84C53DE7,1728464625933,2024-10-09T12:03:45.933,17.95000000000,0.99782354000,-0.06464153500,0.01276989600,0.00256163250
etaWear,FEAC84C53DE7,1728464625943,2024-10-09T12:03:45.943,17.96000000000,0.99782354000,-0.06464153500,0.01276989600,0.00256163250
etaWear,FEAC84C53DE7,1728464625953,2024-10-09T12:03:45.953,17.97000000000,0.99782354000,-0.06464153500,0.01276989600,0.00256163250
etaWear,FEAC84C53DE7,1728464625963,2024-10-09T12:03:45.963,17.98000000000,0.99782354000,-0.06464153500,0.01276989600,0.00256163250
etaWear,FEAC84C53DE7,1728464625973,2024-10-09T12:03:45.973,17.99000000000,0.99782354000,-0.06464153500,0.01276989600,0.00256163250
etaWear,FEAC84C53DE7,1728464625983,2024-10-09T12:03:45.983,18.00000000000,0.99782354000,-0.06464153500,0.01276989600,0.00256163250
MetaWear,FEAC84C53DE7,1728464626363,2024-10-09T12:03:46.363,18.38000000000,0.99782354000,-0.06464153500,0.01276989600,0.00256163250
etaWear,FEAC84C53DE7,1728464626373,2024-10-09T12:03:46.373,18.39000000000,0.99782354000,-0.06464153500,0.01276989600,0.00256163250
etaWear,FEAC84C53DE7,1728464626383,2024-10-09T12:03:46.383,18.40000000000,0.99782354000,-0.06464153500,0.01276989600,0.00256163250
etaWear,FEAC84C53DE7,1728464626403,2024-10-09T12:03:46.403,18.42000000000,0.99782354000,-0.06464153500,0.01276989600,0.00256163250
etaWear,FEAC84C53DE7,1728464626413,2024-10-09T12:03:46.413,18.43000000000,0.99782354000,-0.06464153500,0.01276989600,0.00256163250
etaWear,FEAC84C53DE7,1728464626423,2024-10-09T12:03:46.423,18.44000000000,0.99782354000,-0.06464153500,0.01276989600,0.00256163250
etaWear,FEAC84C53DE7,1728464626433,2024-10-09T12:03:46.433,18.45000000000,0.99782354000,-0.06464153500,0.01276989600,0.00256163250
etaWear,FEAC84C53DE7,1728464626443,2024-10-09T12:03:46.443,18.46000000000,0.99782354000,-0.06464153500,0.01276989600,0.00256163250
etaWear,FEAC84C53DE7,1728464626453,2024-10-09T12:03:46.453,18.47000000000,0.99782354000,-0.06464153500,0.01276989600,0.00256163250
etaWear,FEAC84C53DE7,1728464626463,2024-10-09T12:03:46.463,18.48000000000,0.99782354000,-0.06464153500,0.01276989600,0.00256163250
etaWear,FEAC84C53DE7,1728464626483,2024-10-09T12:03:46.483,18.50000000000,0.99782354000,-0.06464153500,0.01276989600,0.00256163250
etaWear,FEAC84C53DE7,1728464626493,2024-10-09T12:03:46.493,18.51000000000,0.99782354000,-0.06464153500,0.01276989600,0.00256163250
etaWear,FEAC84C53DE7,1728464626503,2024-10-09T12:03:46.503,18.52000000000,0.99782354000,-0.06464153500,0.01276989600,0.00256163250
etaWear,FEAC84C53DE7,1728464626513,2024-10-09T12:03:46.513,18.53000000000,0.99782354000,-0.06464153500,0.01276989600,0.00256163250
etaWear,FEAC84C53DE7,1728464626523,2024-10-09T12:03:46.523,18.54000000000,0.99782354000,-0.06464153500,0.01276989600,0.00256163250
etaWear,FEAC84C53DE7,1728464626533,2024-10-09T12:03:46.533,18.55000000000,0.99782354000,-0.06464153500,0.01276989600,0.00256163250
etaWear,FEAC84C53DE7,1728464626543,2024-10-09T12:03:46.543,18.56000000000,0.99782354000,-0.06464153500,0.01276989600,0.00256163250
etaWear,FEAC84C53DE7,1728464626563,2024-10-09T12:03:46.563,18.58000000000,0.99782354000,-0.06464153500,0.01276989600,0.00256163250
MetaWear,FEAC84C53DE7,1728464626573,2024-10-09T12:03:46.573,18.59000000000,0.99782354000,-0.06464153500,0.01276989600,0.00256163250
etaWear,FEAC84C53DE7,1728464626583,2024-10-09T12:03:46.583,18.60000000000,0.99782354000,-0.06464153500,0.01276989600,0.00256163250
etaWear,FEAC84C53DE7,1728464626593,2024-10-09T12:03:46.593,18.61000000000,0.99782354000,-0.06464153500,0.01276989600,0.00256163250
etaWear,FEAC84C53DE7,1728464626603,2024-10-09T12:03:46.603,18.62000000000,0.99782354000,-0.06464153500,0.01276989600,0.00256163250
etaWear,FEAC84C53DE7,1728464626613,2024-10-09T12:03:46.613,18.63000000000,0.99782354000,-0.06464153500,0.01276989600,0.00256163250
etaWear,FEAC84C53DE7,1728464626623,2024-10-09T12:03:46.623,18.64000000000,0.99782354000,-0.06464153500,0.01276989600,0.00256163250
etaWear,FEAC84C53DE7,1728464626643,2024-10-09T12:03:46.643,18.66000000000,0.99782354000,-0.06464153500,0.01276989600,0.00256163250
etaWear,FEAC84C53DE7,1728464626653,2024-10-09T12:03:46.653,18.67000000000,0.99782354000,-0.06464153500,0.01276989600,0.00256163250
etaWear,FEAC84C53DE7,1728464626663,2024-10-09T12:03:46.663,18.68000000000,0.99782354000,-0.06464153500,0.01276989600,0.00256163250
etaWear,FEAC84C53DE7,1728464626673,2024-10-09T12:03:46.673,18.69000000000,0.99782354000,-0.06464153500,0.01276989600,0.00256163250
etaWear,FEAC84C53DE7,1728464626683,2024-10-09T12:03:46.683,18.70000000000,0.99782354000,-0.06464153500,0.01276989600,0.00256163250
etaWear,FEAC84C53DE7,1728464626693,2024-10-09T12:03:46.693,18.71000000000,0.99782354000,-0.06464153500,0.01276989600,0.00256163250
etaWear,FEAC84C53DE7,1728464626703,2024-10-09T12:03:46.703,18.72000000000,0.99782354000,-0.06464153500,0.01276989600,0.00256163250
etaWear,FEAC84C53DE7,1728464626723,2024-10-09T12:03:46.723,18.74000000000,0.99782354000,-0.06464153500,0.01276989600,0.00256163250
etaWear,FEAC84C53DE7,1728464626733,2024-10-09T12:03:46.733,18.75000000000,0.99782354000,-0.06464153500,0.01276989600,0.00256163250
etaWear,FEAC84C53DE7,1728464626743,2024-10-09T12:03:46.743,18.76000000000,0.99782354000,-0.06464153500,0.01276989600,0.00256163250
etaWear,FEAC84C53DE7,1728464626753,2024-10-09T12:03:46.753,18.77000000000,0.99782354000,-0.06464153500,0.01276989600,0.00256163250
etaWear,FEAC84C53DE7,1728464626763,2024-10-09T12:03:46.763,18.78000000000,0.99782354000,-0.06464153500,0.01276989600,0.00256163250
etaWear,FEAC84C53DE7,1728464626773,2024-10-09T12:03:46.773,18.79000000000,0.99782354000,-0.06464153500,0.01276989600,0.00256163250
etaWear,FEAC84C53DE7,1728464626783,2024-10-09T12:03:46.783,18.80000000000,0.99782354000,-0.06464153500,0.01276989600,0.00256163250
etaWear,FEAC84C53DE7,1728464626803,2024-10-09T12:03:46.803,18.82000000000,0.99782354000,-0.06464153500,0.01276989600,0.00256163250
etaWear,FEAC84C53DE7,1728464626813,2024-10-09T12:03:46.813,18.83000000000,0.99782354000,-0.06464153500,0.01276989600,0.00256163250
etaWear,FEAC84C53DE7,1728464626823,2024-10-09T12:03:46.823,18.84000000000,0.99782354000,-0.06464153500,0.01276989600,0.00256163250
etaWear,FEAC84C53DE7,1728464626833,2024-10-09T12:03:46.833,18.85000000000,0.99782354000,-0.06464153500,0.01276989600,0.00256163250
etaWear,FEAC84C53DE7,1728464626843,2024-10-09T12:03:46.843,18.86000000000,0.99782354000,-0.06464153500,0.01276989600,0.00256163250
etaWear,FEAC84C53DE7,1728464626853,2024-10-09T12:03:46.853,18.87000000000,0.99782354000,-0.06464153500,0.01276989600,0.00256163250
etaWear,FEAC84C53DE7,1728464626863,2024-10-09T12:03:46.863,18.88000000000,0.99782354000,-0.06464153500,0.01276989600,0.00256163250
etaWear,FEAC84C53DE7,1728464626883,2024-10-09T12:03:46.883,18.90000000000,0.99782354000,-0.06464153500,0.01276989600,0.00256163250
etaWear,FEAC84C53DE7,1728464626893,2024-10-09T12:03:46.893,18.91000000000,0.99782354000,-0.06464153500,0.01276989600,0.00256163250
etaWear,FEAC84C53DE7,1728464626903,2024-10-09T12:03:46.903,18.92000000000,0.99782354000,-0.06464153500,0.01276989600,0.00256163250
etaWear,FEAC84C53DE7,1728464626913,2024-10-09T12:03:46.913,18.93000000000,0.99782354000,-0.06464153500,0.01276989600,0.00256163250
MetaWear,FEAC84C53DE7,1728464626573,2024-10-09T12:03:46.573,18.59000000000,0.99782354000,-0.06464153500,0.01276989600,0.00256163250
etaWear,FEAC84C53DE7,1728464626583,2024-10-09T12:03:46.583,18.60000000000,0.99782354000,-0.06464153500,0.01276989600,0.00256163250
etaWear,FEAC84C53DE7,1728464626593,2024-10-09T12:03:46.593,18.61000000000,0.99782354000,-0.06464153500,0.01276989600,0.00256163250
etaWear,FEAC84C53DE7,1728464626603,2024-10-09T12:03:46.603,18.62000000000,0.99782354000,-0.06464153500,0.01276989600,0.00256163250
etaWear,FEAC84C53DE7,1728464626613,2024-10-09T12:03:46.613,18.63000000000,0.99782354000,-0.06464153500,0.01276989600,0.00256163250
etaWear,FEAC84C53DE7,1728464626623,2024-10-09T12:03:46.623,18.64000000000,0.99782354000,-0.06464153500,0.01276989600,0.00256163250
etaWear,FEAC84C53DE7,1728464626643,2024-10-09T12:03:46.643,18.66000000000,0.99782354000,-0.06464153500,0.01276989600,0.00256163250
etaWear,FEAC84C53DE7,1728464626653,2024-10-09T12:03:46.653,18.67000000000,0.99782354000,-0.06464153500,0.01276989600,0.00256163250
etaWear,FEAC84C53DE7,1728464626663,2024-10-09T12:03:46.663,18.68000000000,0.99782354000,-0.06464153500,0.01276989600,0.00256163250
etaWear,FEAC84C53DE7,1728464626673,2024-10-09T12:03:46.673,18.69000000000,0.99782354000,-0.06464153500,0.01276989600,0.00256163250
etaWear,FEAC84C53DE7,1728464626683,2024-10-09T12:03:46.683,18.70000000000,0.99782354000,-0.06464153500,0.01276989600,0.00256163250
etaWear,FEAC84C53DE7,1728464626693,2024-10-09T12:03:46.693,18.71000000000,0.99782354000,-0.06464153500,0.01276989600,0.00256163250
etaWear,FEAC84C53DE7,1728464626703,2024-10-09T12:03:46.703,18.72000000000,0.99782354000,-0.06464153500,0.01276989600,0.00256163250
etaWear,FEAC84C53DE7,1728464626723,2024-10-09T12:03:46.723,18.74000000000,0.99782354000,-0.06464153500,0.01276989600,0.00256163250
etaWear,FEAC84C53DE7,1728464626733,2024-10-09T12:03:46.733,18.75000000000,0.99782354000,-0.06464153500,0.01276989600,0.00256163250
etaWear,FEAC84C53DE7,1728464626743,2024-10-09T12:03:46.743,18.76000000000,0.99782354000,-0.06464153500,0.01276989600,0.00256163250
etaWear,FEAC84C53DE7,1728464626753,2024-10-09T12:03:46.753,18.77000000000,0.99782354000,-0.06464153500,0.01276989600,0.00256163250
etaWear,FEAC84C53DE7,1728464626763,2024-10-09T12:03:46.763,18.78000000000,0.99782354000,-0.06464153500,0.01276989600,0.00256163250
etaWear,FEAC84C53DE7,1728464626773,2024-10-09T12:03:46.773,18.79000000000,0.99782354000,-0.06464153500,0.01276989600,0.00256163250
etaWear,FEAC84C53DE7,1728464626783,2024-10-09T12:03:46.783,18.80000000000,0.99782354000,-0.06464153500,0.01276989600,0.00256163250
etaWear,FEAC84C53DE7,1728464626803,2024-10-09T12:03:46.803,18.82000000000,0.99782354000,-0.06464153500,0.01276989600,0.00256163250
etaWear,FEAC84C53DE7,1728464626813,2024-10-09T12:03:46.813,18.83000000000,0.99782354000,-0.06464153500,0.01276989600,0.00256163250
etaWear,FEAC84C53DE7,1728464626823,2024-10-09T12:03:46.823,18.84000000000,0.99782354000,-0.06464153500,0.01276989600,0.00256163250
etaWear,FEAC84C53DE7,1728464626833,2024-10-09T12:03:46.833,18.85000000000,0.99782354000,-0.06464153500,0.01276989600,0.00256163250
etaWear,FEAC84C53DE7,1728464626843,2024-10-09T12:03:46.843,18.86000000000,0.99782354000,-0.06464153500,0.01276989600,0.00256163250
etaWear,FEAC84C53DE7,1728464626853,2024-10-09T12:03:46.853,18.87000000000,0.99782354000,-0.06464153500,0.01276989600,0.00256163250
etaWear,FEAC84C53DE7,1728464626863,2024-10-09T12:03:46.863,18.88000000000,0.99782354000,-0.06464153500,0.01276989600,0.00256163250
etaWear,FEAC84C53DE7,1728464626883,2024-10-09T12:03:46.883,18.90000000000,0.99782354000,-0.06464153500,0.01276989600,0.00256163250
etaWear,FEAC84C53DE7,1728464626893,2024-10-09T12:03:46.893,18.91000000000,0.99782354000,-0.06464153500,0.01276989600,0.00256163250
etaWear,FEAC84C53DE7,1728464626903,2024-10-09T12:03:46.903,18.92000000000,0.99782354000,-0.06464153500,0.01276989600,0.00256163250
etaWear,FEAC84C53DE7,1728464626913,2024-10-09T12:03:46.913,18.93000000000,0.99782354000,-0.06464153500,0.01276989600,0.00256163250
etaWear,FEAC84C53DE7,1728464626923,2024-10-09T12:03:46.923,18.94000000000,0.99782354000,-0.06464153500,0.01276989600,0.00256163250
etaWear,FEAC84C53DE7,1728464626933,2024-10-09T12:03:46.933,18.95000000000,0.99782354000,-0.06464153500,0.01276989600,0.00256163250
etaWear,FEAC84C53DE7,1728464626943,2024-10-09T12:03:46.943,18.96000000000,0.99782354000,-0.06464153500,0.01276989600,0.00256163250
etaWear,FEAC84C53DE7,1728464626963,2024-10-09T12:03:46.963,18.98000000000,0.99782354000,-0.06464153500,0.01276989600,0.00256163250
etaWear,FEAC84C53DE7,1728464626973,2024-10-09T12:03:46.973,18.99000000000,0.99782354000,-0.06464153500,0.01276989600,0.00256163250
etaWear,FEAC84C53DE7,1728464626983,2024-10-09T12:03:46.983,19.00000000000,0.99782354000,-0.06464153500,0.01276989600,0.00256163250
etaWear,FEAC84C53DE7,1728464626993,2024-10-09T12:03:46.993,19.01000000000,0.99782354000,-0.06464153500,0.01276989600,0.00256163250
etaWear,FEAC84C53DE7,1728464627003,2024-10-09T12:03:47.003,19.02000000000,0.99782354000,-0.06464153500,0.01276989600,0.00256163250
etaWear,FEAC84C53DE7,1728464627013,2024-10-09T12:03:47.013,19.03000000000,0.99782354000,-0.06464153500,0.01276989600,0.00256163250
etaWear,FEAC84C53DE7,1728464627023,2024-10-09T12:03:47.023,19.04000000000,0.99782354000,-0.06464153500,0.01276989600,0.00256163250
etaWear,FEAC84C53DE7,1728464627043,2024-10-09T12:03:47.043,19.06000000000,0.99782354000,-0.06464153500,0.01276989600,0.00256163250
etaWear,FEAC84C53DE7,1728464627053,2024-10-09T12:03:47.053,19.07000000000,0.99782354000,-0.06464153500,0.01276989600,0.00256163250
etaWear,FEAC84C53DE7,1728464627063,2024-10-09T12:03:47.063,19.08000000000,0.99782354000,-0.06464153500,0.01276989600,0.00256163250
etaWear,FEAC84C53DE7,1728464627073,2024-10-09T12:03:47.073,19.09000000000,0.99782354000,-0.06464153500,0.01276989600,0.00256163250
etaWear,FEAC84C53DE7,1728464627083,2024-10-09T12:03:47.083,19.10000000000,0.99782354000,-0.06464153500,0.01276989600,0.00256163250
etaWear,FEAC84C53DE7,1728464627093,2024-10-09T12:03:47.093,19.11000000000,0.99782354000,-0.06464153500,0.01276989600,0.00256163250
etaWear,FEAC84C53DE7,1728464627103,2024-10-09T12:03:47.103,19.12000000000,0.99782354000,-0.06464153500,0.01276989600,0.00256163250
etaWear,FEAC84C53DE7,1728464627113,2024-10-09T12:03:47.113,19.13000000000,0.99782354000,-0.06464153500,0.01276989600,0.00256163250
etaWear,FEAC84C53DE7,1728464627133,2024-10-09T12:03:47.133,19.15000000000,0.99782354000,-0.06464153500,0.01276989600,0.00256163250
etaWear,FEAC84C53DE7,1728464627143,2024-10-09T12:03:47.143,19.16000000000,0.99782354000,-0.06464153500,0.01276989600,0.00256163250
etaWear,FEAC84C53DE7,1728464627153,2024-10-09T12:03:47.153,19.17000000000,0.99782354000,-0.06464153500,0.01276989600,0.00256163250
etaWear,FEAC84C53DE7,1728464627163,2024-10-09T12:03:47.163,19.18000000000,0.99782354000,-0.06464153500,0.01276989600,0.00256163250
etaWear,FEAC84C53DE7,1728464627173,2024-10-09T12:03:47.173,19.19000000000,0.99782354000,-0.06464153500,0.01276989600,0.00256163250
etaWear,FEAC84C53DE7,1728464627183,2024-10-09T12:03:47.183,19.20000000000,0.99782354000,-0.06464153500,0.01276989600,0.00256163250
etaWear,FEAC84C53DE7,1728464627193,2024-10-09T12:03:47.193,19.21000000000,0.99782354000,-0.06464153500,0.01276989600,0.00256163250
etaWear,FEAC84C53DE7,1728464627213,2024-10-09T12:03:47.213,19.23000000000,0.99782354000,-0.06464153500,0.01276989600,0.00256163250
etaWear,FEAC84C53DE7,1728464627223,2024-10-09T12:03:47.223,19.24000000000,0.99782354000,-0.06464153500,0.01276989600,0.00256163250
etaWear,FEAC84C53DE7,1728464627233,2024-10-09T12:03:47.233,19.25000000000,0.99782354000,-0.06464153500,0.01276989600,0.00256163250
etaWear,FEAC84C53DE7,1728464627243,2024-10-09T12:03:47.243,19.26000000000,0.99782354000,-0.06464153500,0.01276989600,0.00256163250
etaWear,FEAC84C53DE7,1728464627253,2024-10-09T12:03:47.253,19.27000000000,0.99782354000,-0.06464153500,0.01276989600,0.00256163250
etaWear,FEAC84C53DE7,1728464627263,2024-10-09T12:03:47.263,19.28000000000,0.99782354000,-0.06464153500,0.01276989600,0.00256163250
etaWear,FEAC84C53DE7,1728464627273,2024-10-09T12:03:47.273,19.29000000000,0.99782354000,-0.06464153500,0.01276989600,0.00256163250
etaWear,FEAC84C53DE7,1728464627293,2024-10-09T12:03:47.293,19.31000000000,0.99782354000,-0.06464153500,0.01276989600,0.00256163250
etaWear,FEAC84C53DE7,1728464627303,2024-10-09T12:03:47.303,19.32000000000,0.99782354000,-0.06464153500,0.01276989600,0.00256163250
etaWear,FEAC84C53DE7,1728464627313,2024-10-09T12:03:47.313,19.33000000000,0.99782354000,-0.06464153500,0.01276989600,0.00256163250
etaWear,FEAC84C53DE7,1728464627323,2024-10-09T12:03:47.323,19.34000000000,0.99782354000,-0.06464153500,0.01276989600,0.00256163250
etaWear,FEAC84C53DE7,1728464627333,2024-10-09T12:03:47.333,19.35000000000,0.99782354000,-0.06464153500,0.01276989600,0.00256163250
etaWear,FEAC84C53DE7,1728464627343,2024-10-09T12:03:47.343,19.36000000000,0.99782354000,-0.06464153500,0.01276989600,0.00256163250
etaWear,FEAC84C53DE7,1728464627353,2024-10-09T12:03:47.353,19.37000000000,0.99782354000,-0.06464153500,0.01276989600,0.00256163250
etaWear,FEAC84C53DE7,1728464627373,2024-10-09T12:03:47.373,19.39000000000,0.99782354000,-0.06464153500,0.01276989600,0.00256163250
etaWear,FEAC84C53DE7,1728464627383,2024-10-09T12:03:47.383,19.40000000000,0.99782354000,-0.06464153500,0.01276989600,0.00256163250
etaWear,FEAC84C53DE7,1728464627393,2024-10-09T12:03:47.393,19.41000000000,0.99782354000,-0.06464153500,0.01276989600,0.00256163250
etaWear,FEAC84C53DE7,1728464627403,2024-10-09T12:03:47.403,19.42000000000,0.99782354000,-0.06464153500,0.01276989600,0.00256163250
etaWear,FEAC84C53DE7,1728464627413,2024-10-09T12:03:47.413,19.43000000000,0.99782354000,-0.06464153500,0.01276989600,0.00256163250
etaWear,FEAC84C53DE7,1728464627423,2024-10-09T12:03:47.423,19.44000000000,0.99782354000,-0.06464153500,0.01276989600,0.00256163250
etaWear,FEAC84C53DE7,1728464627433,2024-10-09T12:03:47.433,19.45000000000,0.99782354000,-0.06464153500,0.01276989600,0.00256163250
etaWear,FEAC84C53DE7,1728464627453,2024-10-09T12:03:47.453,19.47000000000,0.99782354000,-0.06464153500,0.01276989600,0.00256163250
etaWear,FEAC84C53DE7,1728464627463,2024-10-09T12:03:47.463,19.48000000000,0.99782354000,-0.06464153500,0.01276989600,0.00256163250
etaWear,FEAC84C53DE7,1728464627473,2024-10-09T12:03:47.473,19.49000000000,0.99782354000,-0.06464153500,0.01276989600,0.00256163250
etaWear,FEAC84C53DE7,1728464627483,2024-10-09T12:03:47.483,19.50000000000,0.99782354000,-0.06464153500,0.01276989600,0.00256163250
etaWear,FEAC84C53DE7,1728464627493,2024-10-09T12:03:47.493,19.51000000000,0.99782354000,-0.06464153500,0.01276989600,0.00256163250
etaWear,FEAC84C53DE7,1728464627503,2024-10-09T12:03:47.503,19.52000000000,0.99782354000,-0.06464153500,0.01276989600,0.00256163250
etaWear,FEAC84C53DE7,1728464627513,2024-10-09T12:03:47.513,19.53000000000,0.99782354000,-0.06464153500,0.01276989600,0.00256163250
MetaWear,FEAC84C53DE7,1728464627783,2024-10-09T12:03:47.783,19.80000000000,0.99782354000,-0.06464153500,0.01276989600,0.00256163250
etaWear,FEAC84C53DE7,1728464627793,2024-10-09T12:03:47.793,19.81000000000,0.99782354000,-0.06464153500,0.01276989600,0.00256163250
etaWear,FEAC84C53DE7,1728464627803,2024-10-09T12:03:47.803,19.82000000000,0.99782354000,-0.06464153500,0.01276989600,0.00256163250
etaWear,FEAC84C53DE7,1728464627813,2024-10-09T12:03:47.813,19.83000000000,0.99782354000,-0.06464153500,0.01276989600,0.00256163250
etaWear,FEAC84C53DE7,1728464627823,2024-10-09T12:03:47.823,19.84000000000,0.99782354000,-0.06464153500,0.01276989600,0.00256163250
etaWear,FEAC84C53DE7,1728464627833,2024-10-09T12:03:47.833,19.85000000000,0.99782354000,-0.06464153500,0.01276989600,0.00256163250
etaWear,FEAC84C53DE7,1728464627853,2024-10-09T12:03:47.853,19.87000000000,0.99782354000,-0.06464153500,0.01276989600,0.00256163250
etaWear,FEAC84C53DE7,1728464627863,2024-10-09T12:03:47.863,19.88000000000,0.99782354000,-0.06464153500,0.01276989600,0.00256163250
etaWear,FEAC84C53DE7,1728464627873,2024-10-09T12:03:47.873,19.89000000000,0.99782354000,-0.06464153500,0.01276989600,0.00256163250
etaWear,FEAC84C53DE7,1728464627883,2024-10-09T12:03:47.883,19.90000000000,0.99782354000,-0.06464153500,0.01276989600,0.00256163250
etaWear,FEAC84C53DE7,1728464627893,2024-10-09T12:03:47.893,19.91000000000,0.99782354000,-0.06464153500,0.01276989600,0.00256163250
etaWear,FEAC84C53DE7,1728464627903,2024-10-09T12:03:47.903,19.92000000000,0.99782354000,-0.06464153500,0.01276989600,0.00256163250
etaWear,FEAC84C53DE7,1728464627913,2024-10-09T12:03:47.913,19.93000000000,0.99782354000,-0.06464153500,0.01276989600,0.00256163250
etaWear,FEAC84C53DE7,1728464627933,2024-10-09T12:03:47.933,19.95000000000,0.99782354000,-0.06464153500,0.01276989600,0.00256163250
etaWear,FEAC84C53DE7,1728464627943,2024-10-09T12:03:47.943,19.96000000000,0.99782354000,-0.06464153500,0.01276989600,0.00256163250
etaWear,FEAC84C53DE7,1728464627953,2024-10-09T12:03:47.953,19.97000000000,0.99782354000,-0.06464153500,0.01276989600,0.00256163250
etaWear,FEAC84C53DE7,1728464627963,2024-10-09T12:03:47.963,19.98000000000,0.99782354000,-0.06464153500,0.01276989600,0.00256163250
etaWear,FEAC84C53DE7,1728464627973,2024-10-09T12:03:47.973,19.99000000000,0.99782354000,-0.06464153500,0.01276989600,0.00256163250
etaWear,FEAC84C53DE7,1728464627983,2024-10-09T12:03:47.983,20.00000000000,0.99782354000,-0.06464153500,0.01276989600,0.00256163250
etaWear,FEAC84C53DE7,1728464627993,2024-10-09T12:03:47.993,20.01000000000,0.99782354000,-0.06464153500,0.01276989600,0.00256163250
etaWear,FEAC84C53DE7,1728464628013,2024-10-09T12:03:48.013,20.03000000000,0.99782354000,-0.06464153500,0.01276989600,0.00256163250
etaWear,FEAC84C53DE7,1728464628023,2024-10-09T12:03:48.023,20.04000000000,0.99782354000,-0.06464153500,0.01276989600,0.00256163250
etaWear,FEAC84C53DE7,1728464628033,2024-10-09T12:03:48.033,20.05000000000,0.99782354000,-0.06464153500,0.01276989600,0.00256163250
etaWear,FEAC84C53DE7,1728464628043,2024-10-09T12:03:48.043,20.06000000000,0.99782354000,-0.06464153500,0.01276989600,0.00256163250
etaWear,FEAC84C53DE7,1728464628053,2024-10-09T12:03:48.053,20.07000000000,0.99782354000,-0.06464153500,0.01276989600,0.00256163250
etaWear,FEAC84C53DE7,1728464628063,2024-10-09T12:03:48.063,20.08000000000,0.99782354000,-0.06464153500,0.01276989600,0.00256163250
etaWear,FEAC84C53DE7,1728464628073,2024-10-09T12:03:48.073,20.09000000000,0.99782354000,-0.06464153500,0.01276989600,0.00256163250
etaWear,FEAC84C53DE7,1728464628093,2024-10-09T12:03:48.093,20.11000000000,0.99782354000,-0.06464153500,0.01276989600,0.00256163250
etaWear,FEAC84C53DE7,1728464628103,2024-10-09T12:03:48.103,20.12000000000,0.99782354000,-0.06464153500,0.01276989600,0.00256163250
etaWear,FEAC84C53DE7,1728464628113,2024-10-09T12:03:48.113,20.13000000000,0.99782354000,-0.06464153500,0.01276989600,0.00256163250
etaWear,FEAC84C53DE7,1728464628123,2024-10-09T12:03:48.123,20.14000000000,0.99782354000,-0.06464153500,0.01276989600,0.00256163250
etaWear,FEAC84C53DE7,1728464628133,2024-10-09T12:03:48.133,20.15000000000,0.99782354000,-0.06464153500,0.01276989600,0.00256163250
etaWear,FEAC84C53DE7,1728464628143,2024-10-09T12:03:48.143,20.16000000000,0.99782354000,-0.06464153500,0.01276989600,0.00256163250
etaWear,FEAC84C53DE7,1728464628153,2024-10-09T12:03:48.153,20.17000000000,0.99782354000,-0.06464153500,0.01276989600,0.00256163250
etaWear,FEAC84C53DE7,1728464628163,2024-10-09T12:03:48.163,20.18000000000,0.99782354000,-0.06464153500,0.01276989600,0.00256163250
etaWear,FEAC84C53DE7,1728464628183,2024-10-09T12:03:48.183,20.20000000000,0.99782354000,-0.06464153500,0.01276989600,0.00256163250
etaWear,FEAC84C53DE7,1728464628193,2024-10-09T12:03:48.193,20.21000000000,0.99782354000,-0.06464153500,0.01276989600,0.00256163250
etaWear,FEAC84C53DE7,1728464628203,2024-10-09T12:03:48.203,20.22000000000,0.99782354000,-0.06464153500,0.01276989600,0.00256163250
etaWear,FEAC84C53DE7,1728464628213,2024-10-09T12:03:48.213,20.23000000000,0.99782354000,-0.06464153500,0.01276989600,0.00256163250
etaWear,FEAC84C53DE7,1728464628223,2024-10-09T12:03:48.223,20.24000000000,0.99782354000,-0.06464153500,0.01276989600,0.00256163250
etaWear,FEAC84C53DE7,1728464628233,2024-10-09T12:03:48.233,20.25000000000,0.99782354000,-0.06464153500,0.01276989600,0.00256163250
etaWear,FEAC84C53DE7,1728464628253,2024-10-09T12:03:48.253,20.27000000000,0.99782354000,-0.06464153500,0.01276989600,0.00256163250
etaWear,FEAC84C53DE7,1728464628263,2024-10-09T12:03:48.263,20.28000000000,0.99782354000,-0.06464153500,0.01276989600,0.00256163250
etaWear,FEAC84C53DE7,1728464628273,2024-10-09T12:03:48.273,20.29000000000,0.99782354000,-0.06464153500,0.01276989600,0.00256163250
etaWear,FEAC84C53DE7,1728464628283,2024-10-09T12:03:48.283,20.30000000000,0.99782354000,-0.06464153500,0.01276989600,0.00256163250
etaWear,FEAC84C53DE7,1728464628293,2024-10-09T12:03:48.293,20.31000000000,0.99782354000,-0.06464153500,0.01276989600,0.00256163250
etaWear,FEAC84C53DE7,1728464628303,2024-10-09T12:03:48.303,20.32000000000,0.99782354000,-0.06464153500,0.01276989600,0.00256163250
etaWear,FEAC84C53DE7,1728464628313,2024-10-09T12:03:48.313,20.33000000000,0.99782354000,-0.06464153500,0.01276989600,0.00256163250
etaWear,FEAC84C53DE7,1728464628393,2024-10-09T12:03:48.393,20.41000000000,0.99782354000,-0.06464153500,0.01276989600,0.00256163250
etaWear,FEAC84C53DE7,1728464628403,2024-10-09T12:03:48.403,20.42000000000,0.99782354000,-0.06464153500,0.01276989600,0.00256163250
etaWear,FEAC84C53DE7,1728464628433,2024-10-09T12:03:48.433,20.45000000000,0.99782354000,-0.06464153500,0.01276989600,0.00256163250
etaWear,FEAC84C53DE7,1728464628443,2024-10-09T12:03:48.443,20.46000000000,0.99782354000,-0.06464153500,0.01276989600,0.00256163250
etaWear,FEAC84C53DE7,1728464628453,2024-10-09T12:03:48.453,20.47000000000,0.99782354000,-0.06464153500,0.01276989600,0.00256163250
etaWear,FEAC84C53DE7,1728464628463,2024-10-09T12:03:48.463,20.48000000000,0.99782354000,-0.06464153500,0.01276989600,0.00256163250
etaWear,FEAC84C53DE7,1728464628473,2024-10-09T12:03:48.473,20.49000000000,0.99782354000,-0.06464153500,0.01276989600,0.00256163250
etaWear,FEAC84C53DE7,1728464628483,2024-10-09T12:03:48.483,20.50000000000,0.99782354000,-0.06464153500,0.01276989600,0.00256163250
etaWear,FEAC84C53DE7,1728464628503,2024-10-09T12:03:48.503,20.52000000000,0.99782354000,-0.06464153500,0.01276989600,0.00256163250
etaWear,FEAC84C53DE7,1728464628513,2024-10-09T12:03:48.513,20.53000000000,0.99782354000,-0.06464153500,0.01276989600,0.00256163250
etaWear,FEAC84C53DE7,1728464628523,2024-10-09T12:03:48.523,20.54000000000,0.99782354000,-0.06464153500,0.01276989600,0.00256163250
etaWear,FEAC84C53DE7,1728464628533,2024-10-09T12:03:48.533,20.55000000000,0.99782354000,-0.06464153500,0.01276989600,0.00256163250
etaWear,FEAC84C53DE7,1728464628543,2024-10-09T12:03:48.543,20.56000000000,0.99782354000,-0.06464153500,0.01276989600,0.00256163250
etaWear,FEAC84C53DE7,1728464628553,2024-10-09T12:03:48.553,20.57000000000,0.99782354000,-0.06464153500,0.01276989600,0.00256163250
etaWear,FEAC84C53DE7,1728464628563,2024-10-09T12:03:48.563,20.58000000000,0.99782354000,-0.06464153500,0.01276989600,0.00256163250
etaWear,FEAC84C53DE7,1728464628583,2024-10-09T12:03:48.583,20.60000000000,0.99782354000,-0.06464153500,0.01276989600,0.00256163250
etaWear,FEAC84C53DE7,1728464628593,2024-10-09T12:03:48.593,20.61000000000,0.99782354000,-0.06464153500,0.01276989600,0.00256163250
etaWear,FEAC84C53DE7,1728464628603,2024-10-09T12:03:48.603,20.62000000000,0.99782354000,-0.06464153500,0.01276989600,0.00256163250
etaWear,FEAC84C53DE7,1728464628613,2024-10-09T12:03:48.613,20.63000000000,0.99782354000,-0.06464153500,0.01276989600,0.00256163250
etaWear,FEAC84C53DE7,1728464628623,2024-10-09T12:03:48.623,20.64000000000,0.99782354000,-0.06464153500,0.01276989600,0.00256163250
etaWear,FEAC84C53DE7,1728464628633,2024-10-09T12:03:48.633,20.65000000000,0.99782354000,-0.06464153500,0.01276989600,0.00256163250
etaWear,FEAC84C53DE7,1728464628643,2024-10-09T12:03:48.643,20.66000000000,0.99782354000,-0.06464153500,0.01276989600,0.00256163250
etaWear,FEAC84C53DE7,1728464628663,2024-10-09T12:03:48.663,20.68000000000,0.99782354000,-0.06464153500,0.01276989600,0.00256163250
etaWear,FEAC84C53DE7,1728464628673,2024-10-09T12:03:48.673,20.69000000000,0.99782354000,-0.06464153500,0.01276989600,0.00256163250
etaWear,FEAC84C53DE7,1728464628683,2024-10-09T12:03:48.683,20.70000000000,0.99782354000,-0.06464153500,0.01276989600,0.00256163250
etaWear,FEAC84C53DE7,1728464628693,2024-10-09T12:03:48.693,20.71000000000,0.99782354000,-0.06464153500,0.01276989600,0.00256163250
etaWear,FEAC84C53DE7,1728464628393,2024-10-09T12:03:48.393,20.41000000000,0.99782354000,-0.06464153500,0.01276989600,0.00256163250
etaWear,FEAC84C53DE7,1728464628403,2024-10-09T12:03:48.403,20.42000000000,0.99782354000,-0.06464153500,0.01276989600,0.00256163250
etaWear,FEAC84C53DE7,1728464628433,2024-10-09T12:03:48.433,20.45000000000,0.99782354000,-0.06464153500,0.01276989600,0.00256163250
etaWear,FEAC84C53DE7,1728464628443,2024-10-09T12:03:48.443,20.46000000000,0.99782354000,-0.06464153500,0.01276989600,0.00256163250
etaWear,FEAC84C53DE7,1728464628453,2024-10-09T12:03:48.453,20.47000000000,0.99782354000,-0.06464153500,0.01276989600,0.00256163250
etaWear,FEAC84C53DE7,1728464628463,2024-10-09T12:03:48.463,20.48000000000,0.99782354000,-0.06464153500,0.01276989600,0.00256163250
etaWear,FEAC84C53DE7,1728464628473,2024-10-09T12:03:48.473,20.49000000000,0.99782354000,-0.06464153500,0.01276989600,0.00256163250
etaWear,FEAC84C53DE7,1728464628483,2024-10-09T12:03:48.483,20.50000000000,0.99782354000,-0.06464153500,0.01276989600,0.00256163250
etaWear,FEAC84C53DE7,1728464628503,2024-10-09T12:03:48.503,20.52000000000,0.99782354000,-0.06464153500,0.01276989600,0.00256163250
etaWear,FEAC84C53DE7,1728464628513,2024-10-09T12:03:48.513,20.53000000000,0.99782354000,-0.06464153500,0.01276989600,0.00256163250
etaWear,FEAC84C53DE7,1728464628523,2024-10-09T12:03:48.523,20.54000000000,0.99782354000,-0.06464153500,0.01276989600,0.00256163250
etaWear,FEAC84C53DE7,1728464628533,2024-10-09T12:03:48.533,20.55000000000,0.99782354000,-0.06464153500,0.01276989600,0.00256163250
etaWear,FEAC84C53DE7,1728464628543,2024-10-09T12:03:48.543,20.56000000000,0.99782354000,-0.06464153500,0.01276989600,0.00256163250
etaWear,FEAC84C53DE7,1728464628553,2024-10-09T12:03:48.553,20.57000000000,0.99782354000,-0.06464153500,0.01276989600,0.00256163250
etaWear,FEAC84C53DE7,1728464628563,2024-10-09T12:03:48.563,20.58000000000,0.99782354000,-0.06464153500,0.01276989600,0.00256163250
etaWear,FEAC84C53DE7,1728464628583,2024-10-09T12:03:48.583,20.60000000000,0.99782354000,-0.06464153500,0.01276989600,0.00256163250
etaWear,FEAC84C53DE7,1728464628593,2024-10-09T12:03:48.593,20.61000000000,0.99782354000,-0.06464153500,0.01276989600,0.00256163250
etaWear,FEAC84C53DE7,1728464628603,2024-10-09T12:03:48.603,20.62000000000,0.99782354000,-0.06464153500,0.01276989600,0.00256163250
etaWear,FEAC84C53DE7,1728464628613,2024-10-09T12:03:48.613,20.63000000000,0.99782354000,-0.06464153500,0.01276989600,0.00256163250
etaWear,FEAC84C53DE7,1728464628623,2024-10-09T12:03:48.623,20.64000000000,0.99782354000,-0.06464153500,0.01276989600,0.00256163250
etaWear,FEAC84C53DE7,1728464628633,2024-10-09T12:03:48.633,20.65000000000,0.99782354000,-0.06464153500,0.01276989600,0.00256163250
etaWear,FEAC84C53DE7,1728464628643,2024-10-09T12:03:48.643,20.66000000000,0.99782354000,-0.06464153500,0.01276989600,0.00256163250
etaWear,FEAC84C53DE7,1728464628663,2024-10-09T12:03:48.663,20.68000000000,0.99782354000,-0.06464153500,0.01276989600,0.00256163250
etaWear,FEAC84C53DE7,1728464628673,2024-10-09T12:03:48.673,20.69000000000,0.99782354000,-0.06464153500,0.01276989600,0.00256163250
etaWear,FEAC84C53DE7,1728464629713,2024-10-09T12:03:49.713,21.73000000000,0.99782354000,-0.06464153500,0.01276989600,0.00256163250
etaWear,FEAC84C53DE7,1728464629723,2024-10-09T12:03:49.723,21.74000000000,0.99782354000,-0.06464153500,0.01276989600,0.00256163250
etaWear,FEAC84C53DE7,1728464629733,2024-10-09T12:03:49.733,21.75000000000,0.99782354000,-0.06464153500,0.01276989600,0.00256163250
etaWear,FEAC84C53DE7,1728464629743,2024-10-09T12:03:49.743,21.76000000000,0.99782354000,-0.06464153500,0.01276989600,0.00256163250
MetaWear,FEAC84C53DE7,1728464628703,2024-10-09T12:03:48.703,20.72000000000,0.99782354000,-0.06464153500,0.01276989600,0.00256163250
etaWear,FEAC84C53DE7,1728464628713,2024-10-09T12:03:48.713,20.73000000000,0.99782354000,-0.06464153500,0.01276989600,0.00256163250
etaWear,FEAC84C53DE7,1728464628723,2024-10-09T12:03:48.723,20.74000000000,0.99782354000,-0.06464153500,0.01276989600,0.00256163250
etaWear,FEAC84C53DE7,1728464628743,2024-10-09T12:03:48.743,20.76000000000,0.99782354000,-0.06464153500,0.01276989600,0.00256163250
etaWear,FEAC84C53DE7,1728464628753,2024-10-09T12:03:48.753,20.77000000000,0.99782354000,-0.06464153500,0.01276989600,0.00256163250
etaWear,FEAC84C53DE7,1728464628763,2024-10-09T12:03:48.763,20.78000000000,0.99782354000,-0.06464153500,0.01276989600,0.00256163250
etaWear,FEAC84C53DE7,1728464628773,2024-10-09T12:03:48.773,20.79000000000,0.99782354000,-0.06464153500,0.01276989600,0.00256163250
etaWear,FEAC84C53DE7,1728464628783,2024-10-09T12:03:48.783,20.80000000000,0.99782354000,-0.06464153500,0.01276989600,0.00256163250
etaWear,FEAC84C53DE7,1728464628793,2024-10-09T12:03:48.793,20.81000000000,0.99782354000,-0.06464153500,0.01276989600,0.00256163250
etaWear,FEAC84C53DE7,1728464628803,2024-10-09T12:03:48.803,20.82000000000,0.99782354000,-0.06464153500,0.01276989600,0.00256163250
etaWear,FEAC84C53DE7,1728464628823,2024-10-09T12:03:48.823,20.84000000000,0.99782354000,-0.06464153500,0.01276989600,0.00256163250
etaWear,FEAC84C53DE7,1728464628833,2024-10-09T12:03:48.833,20.85000000000,0.99782354000,-0.06464153500,0.01276989600,0.00256163250
etaWear,FEAC84C53DE7,1728464628843,2024-10-09T12:03:48.843,20.86000000000,0.99782354000,-0.06464153500,0.01276989600,0.00256163250
etaWear,FEAC84C53DE7,1728464628853,2024-10-09T12:03:48.853,20.87000000000,0.99782354000,-0.06464153500,0.01276989600,0.00256163250
etaWear,FEAC84C53DE7,1728464628863,2024-10-09T12:03:48.863,20.88000000000,0.99782354000,-0.06464153500,0.01276989600,0.00256163250
etaWear,FEAC84C53DE7,1728464628873,2024-10-09T12:03:48.873,20.89000000000,0.99782354000,-0.06464153500,0.01276989600,0.00256163250
etaWear,FEAC84C53DE7,1728464628883,2024-10-09T12:03:48.883,20.90000000000,0.99782354000,-0.06464153500,0.01276989600,0.00256163250
etaWear,FEAC84C53DE7,1728464628903,2024-10-09T12:03:48.903,20.92000000000,0.99782354000,-0.06464153500,0.01276989600,0.00256163250
etaWear,FEAC84C53DE7,1728464628913,2024-10-09T12:03:48.913,20.93000000000,0.99782354000,-0.06464153500,0.01276989600,0.00256163250
etaWear,FEAC84C53DE7,1728464628923,2024-10-09T12:03:48.923,20.94000000000,0.99782354000,-0.06464153500,0.01276989600,0.00256163250
etaWear,FEAC84C53DE7,1728464628933,2024-10-09T12:03:48.933,20.95000000000,0.99782354000,-0.06464153500,0.01276989600,0.00256163250
etaWear,FEAC84C53DE7,1728464628943,2024-10-09T12:03:48.943,20.96000000000,0.99782354000,-0.06464153500,0.01276989600,0.00256163250
etaWear,FEAC84C53DE7,1728464628953,2024-10-09T12:03:48.953,20.97000000000,0.99782354000,-0.06464153500,0.01276989600,0.00256163250
etaWear,FEAC84C53DE7,1728464628963,2024-10-09T12:03:48.963,20.98000000000,0.99782354000,-0.06464153500,0.01276989600,0.00256163250
etaWear,FEAC84C53DE7,1728464628983,2024-10-09T12:03:48.983,21.00000000000,0.99782354000,-0.06464153500,0.01276989600,0.00256163250
etaWear,FEAC84C53DE7,1728464628993,2024-10-09T12:03:48.993,21.01000000000,0.99782354000,-0.06464153500,0.01276989600,0.00256163250
etaWear,FEAC84C53DE7,1728464629003,2024-10-09T12:03:49.003,21.02000000000,0.99782354000,-0.06464153500,0.01276989600,0.00256163250
etaWear,FEAC84C53DE7,1728464629023,2024-10-09T12:03:49.023,21.04000000000,0.99782354000,-0.06464153500,0.01276989600,0.00256163250
etaWear,FEAC84C53DE7,1728464629043,2024-10-09T12:03:49.043,21.06000000000,0.99782354000,-0.06464153500,0.01276989600,0.00256163250
etaWear,FEAC84C53DE7,1728464629063,2024-10-09T12:03:49.063,21.08000000000,0.99782354000,-0.06464153500,0.01276989600,0.00256163250
etaWear,FEAC84C53DE7,1728464629073,2024-10-09T12:03:49.073,21.09000000000,0.99782354000,-0.06464153500,0.01276989600,0.00256163250
etaWear,FEAC84C53DE7,1728464629083,2024-10-09T12:03:49.083,21.10000000000,0.99782354000,-0.06464153500,0.01276989600,0.00256163250
etaWear,FEAC84C53DE7,1728464629103,2024-10-09T12:03:49.103,21.12000000000,0.99782354000,-0.06464153500,0.01276989600,0.00256163250
etaWear,FEAC84C53DE7,1728464629113,2024-10-09T12:03:49.113,21.13000000000,0.99782354000,-0.06464153500,0.01276989600,0.00256163250
etaWear,FEAC84C53DE7,1728464629123,2024-10-09T12:03:49.123,21.14000000000,0.99782354000,-0.06464153500,0.01276989600,0.00256163250
etaWear,FEAC84C53DE7,1728464629143,2024-10-09T12:03:49.143,21.16000000000,0.99782354000,-0.06464153500,0.01276989600,0.00256163250
etaWear,FEAC84C53DE7,1728464629153,2024-10-09T12:03:49.153,21.17000000000,0.99782354000,-0.06464153500,0.01276989600,0.00256163250
etaWear,FEAC84C53DE7,1728464629163,2024-10-09T12:03:49.163,21.18000000000,0.99782354000,-0.06464153500,0.01276989600,0.00256163250
etaWear,FEAC84C53DE7,1728464629183,2024-10-09T12:03:49.183,21.20000000000,0.99782354000,-0.06464153500,0.01276989600,0.00256163250
etaWear,FEAC84C53DE7,1728464629193,2024-10-09T12:03:49.193,21.21000000000,0.99782354000,-0.06464153500,0.01276989600,0.00256163250
etaWear,FEAC84C53DE7,1728464629203,2024-10-09T12:03:49.203,21.22000000000,0.99782354000,-0.06464153500,0.01276989600,0.00256163250
etaWear,FEAC84C53DE7,1728464629223,2024-10-09T12:03:49.223,21.24000000000,0.99782354000,-0.06464153500,0.01276989600,0.00256163250
etaWear,FEAC84C53DE7,1728464629233,2024-10-09T12:03:49.233,21.25000000000,0.99782354000,-0.06464153500,0.01276989600,0.00256163250
etaWear,FEAC84C53DE7,1728464629253,2024-10-09T12:03:49.253,21.27000000000,0.99782354000,-0.06464153500,0.01276989600,0.00256163250
etaWear,FEAC84C53DE7,1728464629263,2024-10-09T12:03:49.263,21.28000000000,0.99782354000,-0.06464153500,0.01276989600,0.00256163250
etaWear,FEAC84C53DE7,1728464629273,2024-10-09T12:03:49.273,21.29000000000,0.99782354000,-0.06464153500,0.01276989600,0.00256163250
etaWear,FEAC84C53DE7,1728464629283,2024-10-09T12:03:49.283,21.30000000000,0.99782354000,-0.06464153500,0.01276989600,0.00256163250
etaWear,FEAC84C53DE7,1728464629303,2024-10-09T12:03:49.303,21.32000000000,0.99782354000,-0.06464153500,0.01276989600,0.00256163250
etaWear,FEAC84C53DE7,1728464629313,2024-10-09T12:03:49.313,21.33000000000,0.99782354000,-0.06464153500,0.01276989600,0.00256163250
etaWear,FEAC84C53DE7,1728464629323,2024-10-09T12:03:49.323,21.34000000000,0.99782354000,-0.06464153500,0.01276989600,0.00256163250
etaWear,FEAC84C53DE7,1728464629333,2024-10-09T12:03:49.333,21.35000000000,0.99782354000,-0.06464153500,0.01276989600,0.00256163250
etaWear,FEAC84C53DE7,1728464629343,2024-10-09T12:03:49.343,21.36000000000,0.99782354000,-0.06464153500,0.01276989600,0.00256163250
etaWear,FEAC84C53DE7,1728464629353,2024-10-09T12:03:49.353,21.37000000000,0.99782354000,-0.06464153500,0.01276989600,0.00256163250
etaWear,FEAC84C53DE7,1728464629363,2024-10-09T12:03:49.363,21.38000000000,0.99782354000,-0.06464153500,0.01276989600,0.00256163250
etaWear,FEAC84C53DE7,1728464629383,2024-10-09T12:03:49.383,21.40000000000,0.99782354000,-0.06464153500,0.01276989600,0.00256163250
MetaWear,FEAC84C53DE7,1728464630473,2024-10-09T12:03:50.473,22.49000000000,0.99782354000,-0.06464153500,0.01276989600,0.00256163250
etaWear,FEAC84C53DE7,1728464630483,2024-10-09T12:03:50.483,22.50000000000,0.99782354000,-0.06464153500,0.01276989600,0.00256163250
etaWear,FEAC84C53DE7,1728464630493,2024-10-09T12:03:50.493,22.51000000000,0.99782354000,-0.06464153500,0.01276989600,0.00256163250
etaWear,FEAC84C53DE7,1728464630513,2024-10-09T12:03:50.513,22.53000000000,0.99782354000,-0.06464153500,0.01276989600,0.00256163250
etaWear,FEAC84C53DE7,1728464630523,2024-10-09T12:03:50.523,22.54000000000,0.99782354000,-0.06464153500,0.01276989600,0.00256163250
etaWear,FEAC84C53DE7,1728464630533,2024-10-09T12:03:50.533,22.55000000000,0.99782354000,-0.06464153500,0.01276989600,0.00256163250
etaWear,FEAC84C53DE7,1728464630543,2024-10-09T12:03:50.543,22.56000000000,0.99782354000,-0.06464153500,0.01276989600,0.00256163250
MetaWear,FEAC84C53DE7,1728464630613,2024-10-09T12:03:50.613,22.63000000000,0.99782354000,-0.06464153500,0.01276989600,0.00256163250
etaWear,FEAC84C53DE7,1728464630623,2024-10-09T12:03:50.623,22.64000000000,0.99782354000,-0.06464153500,0.01276989600,0.00256163250
etaWear,FEAC84C53DE7,1728464630633,2024-10-09T12:03:50.633,22.65000000000,0.99782354000,-0.06464153500,0.01276989600,0.00256163250
etaWear,FEAC84C53DE7,1728464630643,2024-10-09T12:03:50.643,22.66000000000,0.99782354000,-0.06464153500,0.01276989600,0.00256163250
etaWear,FEAC84C53DE7,1728464630653,2024-10-09T12:03:50.653,22.67000000000,0.99782354000,-0.06464153500,0.01276989600,0.00256163250
etaWear,FEAC84C53DE7,1728464630673,2024-10-09T12:03:50.673,22.69000000000,0.99782354000,-0.06464153500,0.01276989600,0.00256163250
etaWear,FEAC84C53DE7,1728464630683,2024-10-09T12:03:50.683,22.70000000000,0.99782354000,-0.06464153500,0.01276989600,0.00256163250
etaWear,FEAC84C53DE7,1728464630693,2024-10-09T12:03:50.693,22.71000000000,0.99782354000,-0.06464153500,0.01276989600,0.00256163250
etaWear,FEAC84C53DE7,1728464630703,2024-10-09T12:03:50.703,22.72000000000,0.99782354000,-0.06464153500,0.01276989600,0.00256163250
etaWear,FEAC84C53DE7,1728464630713,2024-10-09T12:03:50.713,22.73000000000,0.99782354000,-0.06464153500,0.01276989600,0.00256163250
etaWear,FEAC84C53DE7,1728464630723,2024-10-09T12:03:50.723,22.74000000000,0.99782354000,-0.06464153500,0.01276989600,0.00256163250
etaWear,FEAC84C53DE7,1728464630763,2024-10-09T12:03:50.763,22.78000000000,0.99782354000,-0.06464153500,0.01276989600,0.00256163250
etaWear,FEAC84C53DE7,1728464630773,2024-10-09T12:03:50.773,22.79000000000,0.99782354000,-0.06464153500,0.01276989600,0.00256163250
etaWear,FEAC84C53DE7,1728464630793,2024-10-09T12:03:50.793,22.81000000000,0.99782354000,-0.06464153500,0.01276989600,0.00256163250
etaWear,FEAC84C53DE7,1728464630803,2024-10-09T12:03:50.803,22.82000000000,0.99782354000,-0.06464153500,0.01276989600,0.00256163250
etaWear,FEAC84C53DE7,1728464630813,2024-10-09T12:03:50.813,22.83000000000,0.99782354000,-0.06464153500,0.01276989600,0.00256163250
MetaWear,FEAC84C53DE7,1728464630823,2024-10-09T12:03:50.823,22.84000000000,0.99782354000,-0.06464153500,0.01276989600,0.00256163250
etaWear,FEAC84C53DE7,1728464630843,2024-10-09T12:03:50.843,22.86000000000,0.99782354000,-0.06464153500,0.01276989600,0.00256163250
etaWear,FEAC84C53DE7,1728464630853,2024-10-09T12:03:50.853,22.87000000000,0.99782354000,-0.06464153500,0.01276989600,0.00256163250
etaWear,FEAC84C53DE7,1728464630863,2024-10-09T12:03:50.863,22.88000000000,0.99782354000,-0.06464153500,0.01276989600,0.00256163250
etaWear,FEAC84C53DE7,1728464630873,2024-10-09T12:03:50.873,22.89000000000,0.99782354000,-0.06464153500,0.01276989600,0.00256163250
etaWear,FEAC84C53DE7,1728464630883,2024-10-09T12:03:50.883,22.90000000000,0.99782354000,-0.06464153500,0.01276989600,0.00256163250
etaWear,FEAC84C53DE7,1728464630893,2024-10-09T12:03:50.893,22.91000000000,0.99782354000,-0.06464153500,0.01276989600,0.00256163250
etaWear,FEAC84C53DE7,1728464630903,2024-10-09T12:03:50.903,22.92000000000,0.99782354000,-0.06464153500,0.01276989600,0.00256163250
etaWear,FEAC84C53DE7,1728464630923,2024-10-09T12:03:50.923,22.94000000000,0.99782354000,-0.06464153500,0.01276989600,0.00256163250
etaWear,FEAC84C53DE7,1728464630933,2024-10-09T12:03:50.933,22.95000000000,0.99782354000,-0.06464153500,0.01276989600,0.00256163250
etaWear,FEAC84C53DE7,1728464630943,2024-10-09T12:03:50.943,22.96000000000,0.99782354000,-0.06464153500,0.01276989600,0.00256163250
etaWear,FEAC84C53DE7,1728464630953,2024-10-09T12:03:50.953,22.97000000000,0.99782354000,-0.06464153500,0.01276989600,0.00256163250
etaWear,FEAC84C53DE7,1728464630963,2024-10-09T12:03:50.963,22.98000000000,0.99782354000,-0.06464153500,0.01276989600,0.00256163250
etaWear,FEAC84C53DE7,1728464630973,2024-10-09T12:03:50.973,22.99000000000,0.99782354000,-0.06464153500,0.01276989600,0.00256163250
etaWear,FEAC84C53DE7,1728464630983,2024-10-09T12:03:50.983,23.00000000000,0.99782354000,-0.06464153500,0.01276989600,0.00256163250
etaWear,FEAC84C53DE7,1728464631023,2024-10-09T12:03:51.023,23.04000000000,0.99782354000,-0.06464153500,0.01276989600,0.00256163250
etaWear,FEAC84C53DE7,1728464631043,2024-10-09T12:03:51.043,23.06000000000,0.99782354000,-0.06464153500,0.01276989600,0.00256163250
etaWear,FEAC84C53DE7,1728464631053,2024-10-09T12:03:51.053,23.07000000000,0.99782354000,-0.06464153500,0.01276989600,0.00256163250
etaWear,FEAC84C53DE7,1728464631063,2024-10-09T12:03:51.063,23.08000000000,0.99782354000,-0.06464153500,0.01276989600,0.00256163250
etaWear,FEAC84C53DE7,1728464631083,2024-10-09T12:03:51.083,23.10000000000,0.99782354000,-0.06464153500,0.01276989600,0.00256163250
etaWear,FEAC84C53DE7,1728464631093,2024-10-09T12:03:51.093,23.11000000000,0.99782354000,-0.06464153500,0.01276989600,0.00256163250
etaWear,FEAC84C53DE7,1728464631103,2024-10-09T12:03:51.103,23.12000000000,0.99782354000,-0.06464153500,0.01276989600,0.00256163250
etaWear,FEAC84C53DE7,1728464631113,2024-10-09T12:03:51.113,23.13000000000,0.99782354000,-0.06464153500,0.01276989600,0.00256163250
etaWear,FEAC84C53DE7,1728464631123,2024-10-09T12:03:51.123,23.14000000000,0.99782354000,-0.06464153500,0.01276989600,0.00256163250
etaWear,FEAC84C53DE7,1728464631133,2024-10-09T12:03:51.133,23.15000000000,0.99782354000,-0.06464153500,0.01276989600,0.00256163250
etaWear,FEAC84C53DE7,1728464631143,2024-10-09T12:03:51.143,23.16000000000,0.99782354000,-0.06464153500,0.01276989600,0.00256163250
etaWear,FEAC84C53DE7,1728464631163,2024-10-09T12:03:51.163,23.18000000000,0.99782354000,-0.06464153500,0.01276989600,0.00256163250
etaWear,FEAC84C53DE7,1728464631173,2024-10-09T12:03:51.173,23.19000000000,0.99782354000,-0.06464153500,0.01276989600,0.00256163250
etaWear,FEAC84C53DE7,1728464631183,2024-10-09T12:03:51.183,23.20000000000,0.99782354000,-0.06464153500,0.01276989600,0.00256163250
etaWear,FEAC84C53DE7,1728464631303,2024-10-09T12:03:51.303,23.32000000000,0.99782354000,-0.06464153500,0.01276989600,0.00256163250
etaWear,FEAC84C53DE7,1728464631323,2024-10-09T12:03:51.323,23.34000000000,0.99782354000,-0.06464153500,0.01276989600,0.00256163250
etaWear,FEAC84C53DE7,1728464631333,2024-10-09T12:03:51.333,23.35000000000,0.99782354000,-0.06464153500,0.01276989600,0.00256163250
etaWear,FEAC84C53DE7,1728464631343,2024-10-09T12:03:51.343,23.36000000000,0.99782354000,-0.06464153500,0.01276989600,0.00256163250
etaWear,FEAC84C53DE7,1728464631353,2024-10-09T12:03:51.353,23.37000000000,0.99782354000,-0.06464153500,0.01276989600,0.00256163250
etaWear,FEAC84C53DE7,1728464631363,2024-10-09T12:03:51.363,23.38000000000,0.99782354000,-0.06464153500,0.01276989600,0.00256163250
etaWear,FEAC84C53DE7,1728464631373,2024-10-09T12:03:51.373,23.39000000000,0.99782354000,-0.06464153500,0.01276989600,0.00256163250
etaWear,FEAC84C53DE7,1728464631383,2024-10-09T12:03:51.383,23.40000000000,0.99782354000,-0.06464153500,0.01276989600,0.00256163250
etaWear,FEAC84C53DE7,1728464631403,2024-10-09T12:03:51.403,23.42000000000,0.99782354000,-0.06464153500,0.01276989600,0.00256163250
etaWear,FEAC84C53DE7,1728464631413,2024-10-09T12:03:51.413,23.43000000000,0.99782354000,-0.06464153500,0.01276989600,0.00256163250
etaWear,FEAC84C53DE7,1728464631423,2024-10-09T12:03:51.423,23.44000000000,0.99782354000,-0.06464153500,0.01276989600,0.00256163250
etaWear,FEAC84C53DE7,1728464631433,2024-10-09T12:03:51.433,23.45000000000,0.99782354000,-0.06464153500,0.01276989600,0.00256163250
etaWear,FEAC84C53DE7,1728464631443,2024-10-09T12:03:51.443,23.46000000000,0.99782354000,-0.06464153500,0.01276989600,0.00256163250
etaWear,FEAC84C53DE7,1728464631453,2024-10-09T12:03:51.453,23.47000000000,0.99782354000,-0.06464153500,0.01276989600,0.00256163250
etaWear,FEAC84C53DE7,1728464631463,2024-10-09T12:03:51.463,23.48000000000,0.99782354000,-0.06464153500,0.01276989600,0.00256163250
etaWear,FEAC84C53DE7,1728464631493,2024-10-09T12:03:51.493,23.51000000000,0.99782354000,-0.06464153500,0.01276989600,0.00256163250
etaWear,FEAC84C53DE7,1728464631503,2024-10-09T12:03:51.503,23.52000000000,0.99782354000,-0.06464153500,0.01276989600,0.00256163250
etaWear,FEAC84C53DE7,1728464631513,2024-10-09T12:03:51.513,23.53000000000,0.99782354000,-0.06464153500,0.01276989600,0.00256163250
etaWear,FEAC84C53DE7,1728464631523,2024-10-09T12:03:51.523,23.54000000000,0.99782354000,-0.06464153500,0.01276989600,0.00256163250
etaWear,FEAC84C53DE7,1728464631563,2024-10-09T12:03:51.563,23.58000000000,0.99782354000,-0.06464153500,0.01276989600,0.00256163250
etaWear,FEAC84C53DE7,1728464631573,2024-10-09T12:03:51.573,23.59000000000,0.99782354000,-0.06464153500,0.01276989600,0.00256163250
etaWear,FEAC84C53DE7,1728464631583,2024-10-09T12:03:51.583,23.60000000000,0.99782354000,-0.06464153500,0.01276989600,0.00256163250
etaWear,FEAC84C53DE7,1728464631593,2024-10-09T12:03:51.593,23.61000000000,0.99782354000,-0.06464153500,0.01276989600,0.00256163250
etaWear,FEAC84C53DE7,1728464631603,2024-10-09T12:03:51.603,23.62000000000,0.99782354000,-0.06464153500,0.01276989600,0.00256163250
etaWear,FEAC84C53DE7,1728464631613,2024-10-09T12:03:51.613,23.63000000000,0.99782354000,-0.06464153500,0.01276989600,0.00256163250
etaWear,FEAC84C53DE7,1728464631623,2024-10-09T12:03:51.623,23.64000000000,0.99782354000,-0.06464153500,0.01276989600,0.00256163250
etaWear,FEAC84C53DE7,1728464631643,2024-10-09T12:03:51.643,23.66000000000,0.99782354000,-0.06464153500,0.01276989600,0.00256163250
etaWear,FEAC84C53DE7,1728464631653,2024-10-09T12:03:51.653,23.67000000000,0.99782354000,-0.06464153500,0.01276989600,0.00256163250
etaWear,FEAC84C53DE7,1728464631663,2024-10-09T12:03:51.663,23.68000000000,0.99782354000,-0.06464153500,0.01276989600,0.00256163250
etaWear,FEAC84C53DE7,1728464631673,2024-10-09T12:03:51.673,23.69000000000,0.99782354000,-0.06464153500,0.01276989600,0.00256163250
etaWear,FEAC84C53DE7,1728464631683,2024-10-09T12:03:51.683,23.70000000000,0.99782354000,-0.06464153500,0.01276989600,0.00256163250
etaWear,FEAC84C53DE7,1728464631693,2024-10-09T12:03:51.693,23.71000000000,0.99782354000,-0.06464153500,0.01276989600,0.00256163250
etaWear,FEAC84C53DE7,1728464631703,2024-10-09T12:03:51.703,23.72000000000,0.99782354000,-0.06464153500,0.01276989600,0.00256163250
etaWear,FEAC84C53DE7,1728464631723,2024-10-09T12:03:51.723,23.74000000000,0.99782354000,-0.06464153500,0.01276989600,0.00256163250
etaWear,FEAC84C53DE7,1728464631733,2024-10-09T12:03:51.733,23.75000000000,0.99782354000,-0.06464153500,0.01276989600,0.00256163250
etaWear,FEAC84C53DE7,1728464631743,2024-10-09T12:03:51.743,23.76000000000,0.99782354000,-0.06464153500,0.01276989600,0.00256163250
etaWear,FEAC84C53DE7,1728464631753,2024-10-09T12:03:51.753,23.77000000000,0.99782354000,-0.06464153500,0.01276989600,0.00256163250
etaWear,FEAC84C53DE7,1728464631763,2024-10-09T12:03:51.763,23.78000000000,0.99782354000,-0.06464153500,0.01276989600,0.00256163250
etaWear,FEAC84C53DE7,1728464631773,2024-10-09T12:03:51.773,23.79000000000,0.99782354000,-0.06464153500,0.01276989600,0.00256163250
etaWear,FEAC84C53DE7,1728464631783,2024-10-09T12:03:51.783,23.80000000000,0.99782354000,-0.06464153500,0.01276989600,0.00256163250
etaWear,FEAC84C53DE7,1728464631813,2024-10-09T12:03:51.813,23.83000000000,0.99782354000,-0.06464153500,0.01276989600,0.00256163250
etaWear,FEAC84C53DE7,1728464631823,2024-10-09T12:03:51.823,23.84000000000,0.99782354000,-0.06464153500,0.01276989600,0.00256163250
etaWear,FEAC84C53DE7,1728464631833,2024-10-09T12:03:51.833,23.85000000000,0.99782354000,-0.06464153500,0.01276989600,0.00256163250
etaWear,FEAC84C53DE7,1728464631843,2024-10-09T12:03:51.843,23.86000000000,0.99782354000,-0.06464153500,0.01276989600,0.00256163250
MetaWear,FEAC84C53DE7,1728464631853,2024-10-09T12:03:51.853,23.87000000000,0.99782354000,-0.06464153500,0.01276989600,0.00256163250
etaWear,FEAC84C53DE7,1728464631863,2024-10-09T12:03:51.863,23.88000000000,0.99782354000,-0.06464153500,0.01276989600,0.00256163250
etaWear,FEAC84C53DE7,1728464631883,2024-10-09T12:03:51.883,23.90000000000,0.99782354000,-0.06464153500,0.01276989600,0.00256163250
etaWear,FEAC84C53DE7,1728464631893,2024-10-09T12:03:51.893,23.91000000000,0.99782354000,-0.06464153500,0.01276989600,0.00256163250
etaWear,FEAC84C53DE7,1728464631903,2024-10-09T12:03:51.903,23.92000000000,0.99782354000,-0.06464153500,0.01276989600,0.00256163250
etaWear,FEAC84C53DE7,1728464631913,2024-10-09T12:03:51.913,23.93000000000,0.99782354000,-0.06464153500,0.01276989600,0.00256163250
etaWear,FEAC84C53DE7,1728464631923,2024-10-09T12:03:51.923,23.94000000000,0.99782354000,-0.06464153500,0.01276989600,0.00256163250
etaWear,FEAC84C53DE7,1728464631933,2024-10-09T12:03:51.933,23.95000000000,0.99782354000,-0.06464153500,0.01276989600,0.00256163250
etaWear,FEAC84C53DE7,1728464631943,2024-10-09T12:03:51.943,23.96000000000,0.99782354000,-0.06464153500,0.01276989600,0.00256163250
etaWear,FEAC84C53DE7,1728464631963,2024-10-09T12:03:51.963,23.98000000000,0.99782354000,-0.06464153500,0.01276989600,0.00256163250
etaWear,FEAC84C53DE7,1728464631973,2024-10-09T12:03:51.973,23.99000000000,0.99782354000,-0.06464153500,0.01276989600,0.00256163250
etaWear,FEAC84C53DE7,1728464631983,2024-10-09T12:03:51.983,24.00000000000,0.99782354000,-0.06464153500,0.01276989600,0.00256163250
etaWear,FEAC84C53DE7,1728464631993,2024-10-09T12:03:51.993,24.01000000000,0.99782354000,-0.06464153500,0.01276989600,0.00256163250
etaWear,FEAC84C53DE7,1728464632003,2024-10-09T12:03:52.003,24.02000000000,0.99782354000,-0.06464153500,0.01276989600,0.00256163250
etaWear,FEAC84C53DE7,1728464632013,2024-10-09T12:03:52.013,24.03000000000,0.99782354000,-0.06464153500,0.01276989600,0.00256163250
etaWear,FEAC84C53DE7,1728464632023,2024-10-09T12:03:52.023,24.04000000000,0.99782354000,-0.06464153500,0.01276989600,0.00256163250
etaWear,FEAC84C53DE7,1728464632043,2024-10-09T12:03:52.043,24.06000000000,0.99782354000,-0.06464153500,0.01276989600,0.00256163250
etaWear,FEAC84C53DE7,1728464632053,2024-10-09T12:03:52.053,24.07000000000,0.99782354000,-0.06464153500,0.01276989600,0.00256163250
etaWear,FEAC84C53DE7,1728464632063,2024-10-09T12:03:52.063,24.08000000000,0.99782354000,-0.06464153500,0.01276989600,0.00256163250
etaWear,FEAC84C53DE7,1728464632073,2024-10-09T12:03:52.073,24.09000000000,0.99782354000,-0.06464153500,0.01276989600,0.00256163250
etaWear,FEAC84C53DE7,1728464632083,2024-10-09T12:03:52.083,24.10000000000,0.99782354000,-0.06464153500,0.01276989600,0.00256163250
etaWear,FEAC84C53DE7,1728464632093,2024-10-09T12:03:52.093,24.11000000000,0.99782354000,-0.06464153500,0.01276989600,0.00256163250
etaWear,FEAC84C53DE7,1728464632103,2024-10-09T12:03:52.103,24.12000000000,0.99782354000,-0.06464153500,0.01276989600,0.00256163250
etaWear,FEAC84C53DE7,1728464632113,2024-10-09T12:03:52.113,24.13000000000,0.99782354000,-0.06464153500,0.01276989600,0.00256163250
etaWear,FEAC84C53DE7,1728464632133,2024-10-09T12:03:52.133,24.15000000000,0.99782354000,-0.06464153500,0.01276989600,0.00256163250
etaWear,FEAC84C53DE7,1728464632143,2024-10-09T12:03:52.143,24.16000000000,0.99782354000,-0.06464153500,0.01276989600,0.00256163250
etaWear,FEAC84C53DE7,1728464632153,2024-10-09T12:03:52.153,24.17000000000,0.99782354000,-0.06464153500,0.01276989600,0.00256163250
etaWear,FEAC84C53DE7,1728464632183,2024-10-09T12:03:52.183,24.20000000000,0.99782354000,-0.06464153500,0.01276989600,0.00256163250
etaWear,FEAC84C53DE7,1728464632193,2024-10-09T12:03:52.193,24.21000000000,0.99782354000,-0.06464153500,0.01276989600,0.00256163250
etaWear,FEAC84C53DE7,1728464632213,2024-10-09T12:03:52.213,24.23000000000,0.99782354000,-0.06464153500,0.01276989600,0.00256163250
etaWear,FEAC84C53DE7,1728464632223,2024-10-09T12:03:52.223,24.24000000000,0.99782354000,-0.06464153500,0.01276989600,0.00256163250
etaWear,FEAC84C53DE7,1728464632383,2024-10-09T12:03:52.383,24.40000000000,0.99782354000,-0.06464153500,0.01276989600,0.00256163250
etaWear,FEAC84C53DE7,1728464632393,2024-10-09T12:03:52.393,24.41000000000,0.99782354000,-0.06464153500,0.01276989600,0.00256163250
etaWear,FEAC84C53DE7,1728464632403,2024-10-09T12:03:52.403,24.42000000000,0.99782354000,-0.06464153500,0.01276989600,0.00256163250
etaWear,FEAC84C53DE7,1728464632413,2024-10-09T12:03:52.413,24.43000000000,0.99782354000,-0.06464153500,0.01276989600,0.00256163250
etaWear,FEAC84C53DE7,1728464632423,2024-10-09T12:03:52.423,24.44000000000,0.99782354000,-0.06464153500,0.01276989600,0.00256163250
etaWear,FEAC84C53DE7,1728464632433,2024-10-09T12:03:52.433,24.45000000000,0.99782354000,-0.06464153500,0.01276989600,0.00256163250
etaWear,FEAC84C53DE7,1728464632453,2024-10-09T12:03:52.453,24.47000000000,0.99782354000,-0.06464153500,0.01276989600,0.00256163250
etaWear,FEAC84C53DE7,1728464632463,2024-10-09T12:03:52.463,24.48000000000,0.99782354000,-0.06464153500,0.01276989600,0.00256163250
etaWear,FEAC84C53DE7,1728464632473,2024-10-09T12:03:52.473,24.49000000000,0.99782354000,-0.06464153500,0.01276989600,0.00256163250
etaWear,FEAC84C53DE7,1728464632483,2024-10-09T12:03:52.483,24.50000000000,0.99782354000,-0.06464153500,0.01276989600,0.00256163250
etaWear,FEAC84C53DE7,1728464632493,2024-10-09T12:03:52.493,24.51000000000,0.99782354000,-0.06464153500,0.01276989600,0.00256163250
etaWear,FEAC84C53DE7,1728464632503,2024-10-09T12:03:52.503,24.52000000000,0.99782354000,-0.06464153500,0.01276989600,0.00256163250
etaWear,FEAC84C53DE7,1728464632513,2024-10-09T12:03:52.513,24.53000000000,0.99782354000,-0.06464153500,0.01276989600,0.00256163250
etaWear,FEAC84C53DE7,1728464632533,2024-10-09T12:03:52.533,24.55000000000,0.99782354000,-0.06464153500,0.01276989600,0.00256163250
etaWear,FEAC84C53DE7,1728464632553,2024-10-09T12:03:52.553,24.57000000000,0.99782354000,-0.06464153500,0.01276989600,0.00256163250
etaWear,FEAC84C53DE7,1728464632573,2024-10-09T12:03:52.573,24.59000000000,0.99782354000,-0.06464153500,0.01276989600,0.00256163250
etaWear,FEAC84C53DE7,1728464632583,2024-10-09T12:03:52.583,24.60000000000,0.99782354000,-0.06464153500,0.01276989600,0.00256163250
etaWear,FEAC84C53DE7,1728464632593,2024-10-09T12:03:52.593,24.61000000000,0.99782354000,-0.06464153500,0.01276989600,0.00256163250
etaWear,FEAC84C53DE7,1728464632613,2024-10-09T12:03:52.613,24.63000000000,0.99782354000,-0.06464153500,0.01276989600,0.00256163250
etaWear,FEAC84C53DE7,1728464632623,2024-10-09T12:03:52.623,24.64000000000,0.99782354000,-0.06464153500,0.01276989600,0.00256163250
etaWear,FEAC84C53DE7,1728464632633,2024-10-09T12:03:52.633,24.65000000000,0.99782354000,-0.06464153500,0.01276989600,0.00256163250
etaWear,FEAC84C53DE7,1728464632643,2024-10-09T12:03:52.643,24.66000000000,0.99782354000,-0.06464153500,0.01276989600,0.00256163250
MetaWear,FEAC84C53DE7,1728464632653,2024-10-09T12:03:52.653,24.67000000000,0.99782354000,-0.06464153500,0.01276989600,0.00256163250
etaWear,FEAC84C53DE7,1728464632663,2024-10-09T12:03:52.663,24.68000000000,0.99782354000,-0.06464153500,0.01276989600,0.00256163250
etaWear,FEAC84C53DE7,1728464632673,2024-10-09T12:03:52.673,24.69000000000,0.99782354000,-0.06464153500,0.01276989600,0.00256163250
etaWear,FEAC84C53DE7,1728464632693,2024-10-09T12:03:52.693,24.71000000000,0.99782354000,-0.06464153500,0.01276989600,0.00256163250
etaWear,FEAC84C53DE7,1728464632703,2024-10-09T12:03:52.703,24.72000000000,0.99782354000,-0.06464153500,0.01276989600,0.00256163250
etaWear,FEAC84C53DE7,1728464632713,2024-10-09T12:03:52.713,24.73000000000,0.99782354000,-0.06464153500,0.01276989600,0.00256163250
etaWear,FEAC84C53DE7,1728464632723,2024-10-09T12:03:52.723,24.74000000000,0.99782354000,-0.06464153500,0.01276989600,0.00256163250
etaWear,FEAC84C53DE7,1728464632733,2024-10-09T12:03:52.733,24.75000000000,0.99782354000,-0.06464153500,0.01276989600,0.00256163250
etaWear,FEAC84C53DE7,1728464632743,2024-10-09T12:03:52.743,24.76000000000,0.99782354000,-0.06464153500,0.01276989600,0.00256163250
etaWear,FEAC84C53DE7,1728464632753,2024-10-09T12:03:52.753,24.77000000000,0.99782354000,-0.06464153500,0.01276989600,0.00256163250
etaWear,FEAC84C53DE7,1728464632773,2024-10-09T12:03:52.773,24.79000000000,0.99782354000,-0.06464153500,0.01276989600,0.00256163250
etaWear,FEAC84C53DE7,1728464632783,2024-10-09T12:03:52.783,24.80000000000,0.99782354000,-0.06464153500,0.01276989600,0.00256163250
etaWear,FEAC84C53DE7,1728464632793,2024-10-09T12:03:52.793,24.81000000000,0.99782354000,-0.06464153500,0.01276989600,0.00256163250
etaWear,FEAC84C53DE7,1728464632803,2024-10-09T12:03:52.803,24.82000000000,0.99782354000,-0.06464153500,0.01276989600,0.00256163250
etaWear,FEAC84C53DE7,1728464632813,2024-10-09T12:03:52.813,24.83000000000,0.99782354000,-0.06464153500,0.01276989600,0.00256163250
etaWear,FEAC84C53DE7,1728464632823,2024-10-09T12:03:52.823,24.84000000000,0.99782354000,-0.06464153500,0.01276989600,0.00256163250
etaWear,FEAC84C53DE7,1728464632833,2024-10-09T12:03:52.833,24.85000000000,0.99782354000,-0.06464153500,0.01276989600,0.00256163250
etaWear,FEAC84C53DE7,1728464632863,2024-10-09T12:03:52.863,24.88000000000,0.99782354000,-0.06464153500,0.01276989600,0.00256163250
etaWear,FEAC84C53DE7,1728464632873,2024-10-09T12:03:52.873,24.89000000000,0.99782354000,-0.06464153500,0.01276989600,0.00256163250
etaWear,FEAC84C53DE7,1728464632883,2024-10-09T12:03:52.883,24.90000000000,0.99782354000,-0.06464153500,0.01276989600,0.00256163250
etaWear,FEAC84C53DE7,1728464632893,2024-10-09T12:03:52.893,24.91000000000,0.99782354000,-0.06464153500,0.01276989600,0.00256163250
etaWear,FEAC84C53DE7,1728464632903,2024-10-09T12:03:52.903,24.92000000000,0.99782354000,-0.06464153500,0.01276989600,0.00256163250
etaWear,FEAC84C53DE7,1728464632913,2024-10-09T12:03:52.913,24.93000000000,0.99782354000,-0.06464153500,0.01276989600,0.00256163250
etaWear,FEAC84C53DE7,1728464632933,2024-10-09T12:03:52.933,24.95000000000,0.99782354000,-0.06464153500,0.01276989600,0.00256163250
etaWear,FEAC84C53DE7,1728464633253,2024-10-09T12:03:53.253,25.27000000000,0.99782354000,-0.06464153500,0.01276989600,0.00256163250
etaWear,FEAC84C53DE7,1728464633263,2024-10-09T12:03:53.263,25.28000000000,0.99782354000,-0.06464153500,0.01276989600,0.00256163250
etaWear,FEAC84C53DE7,1728464633273,2024-10-09T12:03:53.273,25.29000000000,0.99782354000,-0.06464153500,0.01276989600,0.00256163250
etaWear,FEAC84C53DE7,1728464633293,2024-10-09T12:03:53.293,25.31000000000,0.99782354000,-0.06464153500,0.01276989600,0.00256163250
etaWear,FEAC84C53DE7,1728464633303,2024-10-09T12:03:53.303,25.32000000000,0.99782354000,-0.06464153500,0.01276989600,0.00256163250
etaWear,FEAC84C53DE7,1728464633333,2024-10-09T12:03:53.333,25.35000000000,0.99782354000,-0.06464153500,0.01276989600,0.00256163250
etaWear,FEAC84C53DE7,1728464633353,2024-10-09T12:03:53.353,25.37000000000,0.99782354000,-0.06464153500,0.01276989600,0.00256163250
etaWear,FEAC84C53DE7,1728464633363,2024-10-09T12:03:53.363,25.38000000000,0.99782354000,-0.06464153500,0.01276989600,0.00256163250
etaWear,FEAC84C53DE7,1728464633373,2024-10-09T12:03:53.373,25.39000000000,0.99782354000,-0.06464153500,0.01276989600,0.00256163250
etaWear,FEAC84C53DE7,1728464633383,2024-10-09T12:03:53.383,25.40000000000,0.99782354000,-0.06464153500,0.01276989600,0.00256163250
etaWear,FEAC84C53DE7,1728464633393,2024-10-09T12:03:53.393,25.41000000000,0.99782354000,-0.06464153500,0.01276989600,0.00256163250
etaWear,FEAC84C53DE7,1728464633403,2024-10-09T12:03:53.403,25.42000000000,0.99782354000,-0.06464153500,0.01276989600,0.00256163250
etaWear,FEAC84C53DE7,1728464633423,2024-10-09T12:03:53.423,25.44000000000,0.99782354000,-0.06464153500,0.01276989600,0.00256163250
etaWear,FEAC84C53DE7,1728464633433,2024-10-09T12:03:53.433,25.45000000000,0.99782354000,-0.06464153500,0.01276989600,0.00256163250
etaWear,FEAC84C53DE7,1728464633453,2024-10-09T12:03:53.453,25.47000000000,0.99782354000,-0.06464153500,0.01276989600,0.00256163250
etaWear,FEAC84C53DE7,1728464633463,2024-10-09T12:03:53.463,25.48000000000,0.99782354000,-0.06464153500,0.01276989600,0.00256163250
etaWear,FEAC84C53DE7,1728464633513,2024-10-09T12:03:53.513,25.53000000000,0.99782354000,-0.06464153500,0.01276989600,0.00256163250
etaWear,FEAC84C53DE7,1728464633523,2024-10-09T12:03:53.523,25.54000000000,0.99782354000,-0.06464153500,0.01276989600,0.00256163250
etaWear,FEAC84C53DE7,1728464633543,2024-10-09T12:03:53.543,25.56000000000,0.99782354000,-0.06464153500,0.01276989600,0.00256163250
etaWear,FEAC84C53DE7,1728464633553,2024-10-09T12:03:53.553,25.57000000000,0.99782354000,-0.06464153500,0.01276989600,0.00256163250
etaWear,FEAC84C53DE7,1728464633563,2024-10-09T12:03:53.563,25.58000000000,0.99782354000,-0.06464153500,0.01276989600,0.00256163250
etaWear,FEAC84C53DE7,1728464633583,2024-10-09T12:03:53.583,25.60000000000,0.99782354000,-0.06464153500,0.01276989600,0.00256163250
etaWear,FEAC84C53DE7,1728464633593,2024-10-09T12:03:53.593,25.61000000000,0.99782354000,-0.06464153500,0.01276989600,0.00256163250
etaWear,FEAC84C53DE7,1728464633603,2024-10-09T12:03:53.603,25.62000000000,0.99782354000,-0.06464153500,0.01276989600,0.00256163250
etaWear,FEAC84C53DE7,1728464633613,2024-10-09T12:03:53.613,25.63000000000,0.99782354000,-0.06464153500,0.01276989600,0.00256163250
etaWear,FEAC84C53DE7,1728464633623,2024-10-09T12:03:53.623,25.64000000000,0.99782354000,-0.06464153500,0.01276989600,0.00256163250
etaWear,FEAC84C53DE7,1728464633643,2024-10-09T12:03:53.643,25.66000000000,0.99782354000,-0.06464153500,0.01276989600,0.00256163250
etaWear,FEAC84C53DE7,1728464633663,2024-10-09T12:03:53.663,25.68000000000,0.99782354000,-0.06464153500,0.01276989600,0.00256163250
etaWear,FEAC84C53DE7,1728464633673,2024-10-09T12:03:53.673,25.69000000000,0.99782354000,-0.06464153500,0.01276989600,0.00256163250
etaWear,FEAC84C53DE7,1728464633683,2024-10-09T12:03:53.683,25.70000000000,0.99782354000,-0.06464153500,0.01276989600,0.00256163250
etaWear,FEAC84C53DE7,1728464633693,2024-10-09T12:03:53.693,25.71000000000,0.99782354000,-0.06464153500,0.01276989600,0.00256163250
etaWear,FEAC84C53DE7,1728464633703,2024-10-09T12:03:53.703,25.72000000000,0.99782354000,-0.06464153500,0.01276989600,0.00256163250
etaWear,FEAC84C53DE7,1728464633713,2024-10-09T12:03:53.713,25.73000000000,0.99782354000,-0.06464153500,0.01276989600,0.00256163250
etaWear,FEAC84C53DE7,1728464633723,2024-10-09T12:03:53.723,25.74000000000,0.99782354000,-0.06464153500,0.01276989600,0.00256163250
etaWear,FEAC84C53DE7,1728464633743,2024-10-09T12:03:53.743,25.76000000000,0.99782354000,-0.06464153500,0.01276989600,0.00256163250
etaWear,FEAC84C53DE7,1728464633753,2024-10-09T12:03:53.753,25.77000000000,0.99782354000,-0.06464153500,0.01276989600,0.00256163250
etaWear,FEAC84C53DE7,1728464633763,2024-10-09T12:03:53.763,25.78000000000,0.99782354000,-0.06464153500,0.01276989600,0.00256163250
etaWear,FEAC84C53DE7,1728464633773,2024-10-09T12:03:53.773,25.79000000000,0.99782354000,-0.06464153500,0.01276989600,0.00256163250
etaWear,FEAC84C53DE7,1728464633783,2024-10-09T12:03:53.783,25.80000000000,0.99782354000,-0.06464153500,0.01276989600,0.00256163250
etaWear,FEAC84C53DE7,1728464633793,2024-10-09T12:03:53.793,25.81000000000,0.99782354000,-0.06464153500,0.01276989600,0.00256163250
etaWear,FEAC84C53DE7,1728464633853,2024-10-09T12:03:53.853,25.87000000000,0.99782354000,-0.06464153500,0.01276989600,0.00256163250
etaWear,FEAC84C53DE7,1728464633863,2024-10-09T12:03:53.863,25.88000000000,0.99782354000,-0.06464153500,0.01276989600,0.00256163250
etaWear,FEAC84C53DE7,1728464633873,2024-10-09T12:03:53.873,25.89000000000,0.99782354000,-0.06464153500,0.01276989600,0.00256163250
etaWear,FEAC84C53DE7,1728464633883,2024-10-09T12:03:53.883,25.90000000000,0.99782354000,-0.06464153500,0.01276989600,0.00256163250
etaWear,FEAC84C53DE7,1728464633903,2024-10-09T12:03:53.903,25.92000000000,0.99782354000,-0.06464153500,0.01276989600,0.00256163250
etaWear,FEAC84C53DE7,1728464633913,2024-10-09T12:03:53.913,25.93000000000,0.99782354000,-0.06464153500,0.01276989600,0.00256163250
etaWear,FEAC84C53DE7,1728464633923,2024-10-09T12:03:53.923,25.94000000000,0.99782354000,-0.06464153500,0.01276989600,0.00256163250
etaWear,FEAC84C53DE7,1728464633933,2024-10-09T12:03:53.933,25.95000000000,0.99782354000,-0.06464153500,0.01276989600,0.00256163250
etaWear,FEAC84C53DE7,1728464633943,2024-10-09T12:03:53.943,25.96000000000,0.99782354000,-0.06464153500,0.01276989600,0.00256163250
etaWear,FEAC84C53DE7,1728464633953,2024-10-09T12:03:53.953,25.97000000000,0.99782354000,-0.06464153500,0.01276989600,0.00256163250
etaWear,FEAC84C53DE7,1728464633963,2024-10-09T12:03:53.963,25.98000000000,0.99782354000,-0.06464153500,0.01276989600,0.00256163250
etaWear,FEAC84C53DE7,1728464633983,2024-10-09T12:03:53.983,26.00000000000,0.99782354000,-0.06464153500,0.01276989600,0.00256163250
etaWear,FEAC84C53DE7,1728464633993,2024-10-09T12:03:53.993,26.01000000000,0.99782354000,-0.06464153500,0.01276989600,0.00256163250
etaWear,FEAC84C53DE7,1728464634003,2024-10-09T12:03:54.003,26.02000000000,0.99782354000,-0.06464153500,0.01276989600,0.00256163250
etaWear,FEAC84C53DE7,1728464634013,2024-10-09T12:03:54.013,26.03000000000,0.99782354000,-0.06464153500,0.01276989600,0.00256163250
etaWear,FEAC84C53DE7,1728464634023,2024-10-09T12:03:54.023,26.04000000000,0.99782354000,-0.06464153500,0.01276989600,0.00256163250
etaWear,FEAC84C53DE7,1728464634033,2024-10-09T12:03:54.033,26.05000000000,0.99782354000,-0.06464153500,0.01276989600,0.00256163250
etaWear,FEAC84C53DE7,1728464634043,2024-10-09T12:03:54.043,26.06000000000,0.99782354000,-0.06464153500,0.01276989600,0.00256163250
etaWear,FEAC84C53DE7,1728464634063,2024-10-09T12:03:54.063,26.08000000000,0.99782354000,-0.06464153500,0.01276989600,0.00256163250
etaWear,FEAC84C53DE7,1728464634073,2024-10-09T12:03:54.073,26.09000000000,0.99782354000,-0.06464153500,0.01276989600,0.00256163250
etaWear,FEAC84C53DE7,1728464634083,2024-10-09T12:03:54.083,26.10000000000,0.99782354000,-0.06464153500,0.01276989600,0.00256163250
etaWear,FEAC84C53DE7,1728464634093,2024-10-09T12:03:54.093,26.11000000000,0.99782354000,-0.06464153500,0.01276989600,0.00256163250
etaWear,FEAC84C53DE7,1728464634103,2024-10-09T12:03:54.103,26.12000000000,0.99782354000,-0.06464153500,0.01276989600,0.00256163250
etaWear,FEAC84C53DE7,1728464634113,2024-10-09T12:03:54.113,26.13000000000,0.99782354000,-0.06464153500,0.01276989600,0.00256163250
etaWear,FEAC84C53DE7,1728464634223,2024-10-09T12:03:54.223,26.24000000000,0.99782354000,-0.06464153500,0.01276989600,0.00256163250
etaWear,FEAC84C53DE7,1728464634233,2024-10-09T12:03:54.233,26.25000000000,0.99782354000,-0.06464153500,0.01276989600,0.00256163250
etaWear,FEAC84C53DE7,1728464634243,2024-10-09T12:03:54.243,26.26000000000,0.99782354000,-0.06464153500,0.01276989600,0.00256163250
etaWear,FEAC84C53DE7,1728464634253,2024-10-09T12:03:54.253,26.27000000000,0.99782354000,-0.06464153500,0.01276989600,0.00256163250
etaWear,FEAC84C53DE7,1728464634263,2024-10-09T12:03:54.263,26.28000000000,0.99782354000,-0.06464153500,0.01276989600,0.00256163250
etaWear,FEAC84C53DE7,1728464634273,2024-10-09T12:03:54.273,26.29000000000,0.99782354000,-0.06464153500,0.01276989600,0.00256163250
etaWear,FEAC84C53DE7,1728464634283,2024-10-09T12:03:54.283,26.30000000000,0.99782354000,-0.06464153500,0.01276989600,0.00256163250
etaWear,FEAC84C53DE7,1728464634303,2024-10-09T12:03:54.303,26.32000000000,0.99782354000,-0.06464153500,0.01276989600,0.00256163250
etaWear,FEAC84C53DE7,1728464634313,2024-10-09T12:03:54.313,26.33000000000,0.99782354000,-0.06464153500,0.01276989600,0.00256163250
etaWear,FEAC84C53DE7,1728464634323,2024-10-09T12:03:54.323,26.34000000000,0.99782354000,-0.06464153500,0.01276989600,0.00256163250
etaWear,FEAC84C53DE7,1728464634333,2024-10-09T12:03:54.333,26.35000000000,0.99782354000,-0.06464153500,0.01276989600,0.00256163250
etaWear,FEAC84C53DE7,1728464634343,2024-10-09T12:03:54.343,26.36000000000,0.99782354000,-0.06464153500,0.01276989600,0.00256163250
etaWear,FEAC84C53DE7,1728464634353,2024-10-09T12:03:54.353,26.37000000000,0.99782354000,-0.06464153500,0.01276989600,0.00256163250
etaWear,FEAC84C53DE7,1728464634363,2024-10-09T12:03:54.363,26.38000000000,0.99782354000,-0.06464153500,0.01276989600,0.00256163250
etaWear,FEAC84C53DE7,1728464634383,2024-10-09T12:03:54.383,26.40000000000,0.99782354000,-0.06464153500,0.01276989600,0.00256163250
etaWear,FEAC84C53DE7,1728464634393,2024-10-09T12:03:54.393,26.41000000000,0.99782354000,-0.06464153500,0.01276989600,0.00256163250
etaWear,FEAC84C53DE7,1728464634403,2024-10-09T12:03:54.403,26.42000000000,0.99782354000,-0.06464153500,0.01276989600,0.00256163250
etaWear,FEAC84C53DE7,1728464634413,2024-10-09T12:03:54.413,26.43000000000,0.99782354000,-0.06464153500,0.01276989600,0.00256163250
etaWear,FEAC84C53DE7,1728464634423,2024-10-09T12:03:54.423,26.44000000000,0.99782354000,-0.06464153500,0.01276989600,0.00256163250
etaWear,FEAC84C53DE7,1728464634433,2024-10-09T12:03:54.433,26.45000000000,0.99782354000,-0.06464153500,0.01276989600,0.00256163250
etaWear,FEAC84C53DE7,1728464634443,2024-10-09T12:03:54.443,26.46000000000,0.99782354000,-0.06464153500,0.01276989600,0.00256163250
etaWear,FEAC84C53DE7,1728464634463,2024-10-09T12:03:54.463,26.48000000000,0.99782354000,-0.06464153500,0.01276989600,0.00256163250
etaWear,FEAC84C53DE7,1728464634473,2024-10-09T12:03:54.473,26.49000000000,0.99782354000,-0.06464153500,0.01276989600,0.00256163250
etaWear,FEAC84C53DE7,1728464634483,2024-10-09T12:03:54.483,26.50000000000,0.99782354000,-0.06464153500,0.01276989600,0.00256163250
etaWear,FEAC84C53DE7,1728464634223,2024-10-09T12:03:54.223,26.24000000000,0.99782354000,-0.06464153500,0.01276989600,0.00256163250
etaWear,FEAC84C53DE7,1728464634233,2024-10-09T12:03:54.233,26.25000000000,0.99782354000,-0.06464153500,0.01276989600,0.00256163250
etaWear,FEAC84C53DE7,1728464634243,2024-10-09T12:03:54.243,26.26000000000,0.99782354000,-0.06464153500,0.01276989600,0.00256163250
etaWear,FEAC84C53DE7,1728464634253,2024-10-09T12:03:54.253,26.27000000000,0.99782354000,-0.06464153500,0.01276989600,0.00256163250
etaWear,FEAC84C53DE7,1728464634263,2024-10-09T12:03:54.263,26.28000000000,0.99782354000,-0.06464153500,0.01276989600,0.00256163250
etaWear,FEAC84C53DE7,1728464634273,2024-10-09T12:03:54.273,26.29000000000,0.99782354000,-0.06464153500,0.01276989600,0.00256163250
etaWear,FEAC84C53DE7,1728464634283,2024-10-09T12:03:54.283,26.30000000000,0.99782354000,-0.06464153500,0.01276989600,0.00256163250
etaWear,FEAC84C53DE7,1728464634303,2024-10-09T12:03:54.303,26.32000000000,0.99782354000,-0.06464153500,0.01276989600,0.00256163250
etaWear,FEAC84C53DE7,1728464634313,2024-10-09T12:03:54.313,26.33000000000,0.99782354000,-0.06464153500,0.01276989600,0.00256163250
etaWear,FEAC84C53DE7,1728464634323,2024-10-09T12:03:54.323,26.34000000000,0.99782354000,-0.06464153500,0.01276989600,0.00256163250
etaWear,FEAC84C53DE7,1728464634333,2024-10-09T12:03:54.333,26.35000000000,0.99782354000,-0.06464153500,0.01276989600,0.00256163250
etaWear,FEAC84C53DE7,1728464634343,2024-10-09T12:03:54.343,26.36000000000,0.99782354000,-0.06464153500,0.01276989600,0.00256163250
etaWear,FEAC84C53DE7,1728464634353,2024-10-09T12:03:54.353,26.37000000000,0.99782354000,-0.06464153500,0.01276989600,0.00256163250
etaWear,FEAC84C53DE7,1728464634363,2024-10-09T12:03:54.363,26.38000000000,0.99782354000,-0.06464153500,0.01276989600,0.00256163250
etaWear,FEAC84C53DE7,1728464634383,2024-10-09T12:03:54.383,26.40000000000,0.99782354000,-0.06464153500,0.01276989600,0.00256163250
etaWear,FEAC84C53DE7,1728464634393,2024-10-09T12:03:54.393,26.41000000000,0.99782354000,-0.06464153500,0.01276989600,0.00256163250
etaWear,FEAC84C53DE7,1728464634403,2024-10-09T12:03:54.403,26.42000000000,0.99782354000,-0.06464153500,0.01276989600,0.00256163250
etaWear,FEAC84C53DE7,1728464634413,2024-10-09T12:03:54.413,26.43000000000,0.99782354000,-0.06464153500,0.01276989600,0.00256163250
etaWear,FEAC84C53DE7,1728464634423,2024-10-09T12:03:54.423,26.44000000000,0.99782354000,-0.06464153500,0.01276989600,0.00256163250
etaWear,FEAC84C53DE7,1728464634433,2024-10-09T12:03:54.433,26.45000000000,0.99782354000,-0.06464153500,0.01276989600,0.00256163250
etaWear,FEAC84C53DE7,1728464634443,2024-10-09T12:03:54.443,26.46000000000,0.99782354000,-0.06464153500,0.01276989600,0.00256163250
etaWear,FEAC84C53DE7,1728464634463,2024-10-09T12:03:54.463,26.48000000000,0.99782354000,-0.06464153500,0.01276989600,0.00256163250
etaWear,FEAC84C53DE7,1728464634473,2024-10-09T12:03:54.473,26.49000000000,0.99782354000,-0.06464153500,0.01276989600,0.00256163250
etaWear,FEAC84C53DE7,1728464634483,2024-10-09T12:03:54.483,26.50000000000,0.99782354000,-0.06464153500,0.01276989600,0.00256163250
etaWear,FEAC84C53DE7,1728464634493,2024-10-09T12:03:54.493,26.51000000000,0.99782354000,-0.06464153500,0.01276989600,0.00256163250
MetaWear,FEAC84C53DE7,1728464634503,2024-10-09T12:03:54.503,26.52000000000,0.99782354000,-0.06464153500,0.01276989600,0.00256163250
etaWear,FEAC84C53DE7,1728464634513,2024-10-09T12:03:54.513,26.53000000000,0.99782354000,-0.06464153500,0.01276989600,0.00256163250
etaWear,FEAC84C53DE7,1728464634523,2024-10-09T12:03:54.523,26.54000000000,0.99782354000,-0.06464153500,0.01276989600,0.00256163250
etaWear,FEAC84C53DE7,1728464634543,2024-10-09T12:03:54.543,26.56000000000,0.99782354000,-0.06464153500,0.01276989600,0.00256163250
etaWear,FEAC84C53DE7,1728464634553,2024-10-09T12:03:54.553,26.57000000000,0.99782354000,-0.06464153500,0.01276989600,0.00256163250
etaWear,FEAC84C53DE7,1728464634563,2024-10-09T12:03:54.563,26.58000000000,0.99782354000,-0.06464153500,0.01276989600,0.00256163250
etaWear,FEAC84C53DE7,1728464634573,2024-10-09T12:03:54.573,26.59000000000,0.99782354000,-0.06464153500,0.01276989600,0.00256163250
etaWear,FEAC84C53DE7,1728464634583,2024-10-09T12:03:54.583,26.60000000000,0.99782354000,-0.06464153500,0.01276989600,0.00256163250
etaWear,FEAC84C53DE7,1728464634593,2024-10-09T12:03:54.593,26.61000000000,0.99782354000,-0.06464153500,0.01276989600,0.00256163250
etaWear,FEAC84C53DE7,1728464634603,2024-10-09T12:03:54.603,26.62000000000,0.99782354000,-0.06464153500,0.01276989600,0.00256163250
etaWear,FEAC84C53DE7,1728464634613,2024-10-09T12:03:54.613,26.63000000000,0.99782354000,-0.06464153500,0.01276989600,0.00256163250
etaWear,FEAC84C53DE7,1728464634633,2024-10-09T12:03:54.633,26.65000000000,0.99782354000,-0.06464153500,0.01276989600,0.00256163250
etaWear,FEAC84C53DE7,1728464634643,2024-10-09T12:03:54.643,26.66000000000,0.99782354000,-0.06464153500,0.01276989600,0.00256163250
etaWear,FEAC84C53DE7,1728464634653,2024-10-09T12:03:54.653,26.67000000000,0.99782354000,-0.06464153500,0.01276989600,0.00256163250
etaWear,FEAC84C53DE7,1728464634663,2024-10-09T12:03:54.663,26.68000000000,0.99782354000,-0.06464153500,0.01276989600,0.00256163250
etaWear,FEAC84C53DE7,1728464634673,2024-10-09T12:03:54.673,26.69000000000,0.99782354000,-0.06464153500,0.01276989600,0.00256163250
etaWear,FEAC84C53DE7,1728464634683,2024-10-09T12:03:54.683,26.70000000000,0.99782354000,-0.06464153500,0.01276989600,0.00256163250
etaWear,FEAC84C53DE7,1728464634693,2024-10-09T12:03:54.693,26.71000000000,0.99782354000,-0.06464153500,0.01276989600,0.00256163250
etaWear,FEAC84C53DE7,1728464634713,2024-10-09T12:03:54.713,26.73000000000,0.99782354000,-0.06464153500,0.01276989600,0.00256163250
etaWear,FEAC84C53DE7,1728464634723,2024-10-09T12:03:54.723,26.74000000000,0.99782354000,-0.06464153500,0.01276989600,0.00256163250
etaWear,FEAC84C53DE7,1728464634733,2024-10-09T12:03:54.733,26.75000000000,0.99782354000,-0.06464153500,0.01276989600,0.00256163250
etaWear,FEAC84C53DE7,1728464634743,2024-10-09T12:03:54.743,26.76000000000,0.99782354000,-0.06464153500,0.01276989600,0.00256163250
etaWear,FEAC84C53DE7,1728464634753,2024-10-09T12:03:54.753,26.77000000000,0.99782354000,-0.06464153500,0.01276989600,0.00256163250
etaWear,FEAC84C53DE7,1728464634763,2024-10-09T12:03:54.763,26.78000000000,0.99782354000,-0.06464153500,0.01276989600,0.00256163250
etaWear,FEAC84C53DE7,1728464634773,2024-10-09T12:03:54.773,26.79000000000,0.99782354000,-0.06464153500,0.01276989600,0.00256163250
etaWear,FEAC84C53DE7,1728464634793,2024-10-09T12:03:54.793,26.81000000000,0.99782354000,-0.06464153500,0.01276989600,0.00256163250
etaWear,FEAC84C53DE7,1728464634803,2024-10-09T12:03:54.803,26.82000000000,0.99782354000,-0.06464153500,0.01276989600,0.00256163250
etaWear,FEAC84C53DE7,1728464634813,2024-10-09T12:03:54.813,26.83000000000,0.99782354000,-0.06464153500,0.01276989600,0.00256163250
etaWear,FEAC84C53DE7,1728464634823,2024-10-09T12:03:54.823,26.84000000000,0.99782354000,-0.06464153500,0.01276989600,0.00256163250
etaWear,FEAC84C53DE7,1728464634833,2024-10-09T12:03:54.833,26.85000000000,0.99782354000,-0.06464153500,0.01276989600,0.00256163250
etaWear,FEAC84C53DE7,1728464634843,2024-10-09T12:03:54.843,26.86000000000,0.99782354000,-0.06464153500,0.01276989600,0.00256163250
etaWear,FEAC84C53DE7,1728464634853,2024-10-09T12:03:54.853,26.87000000000,0.99782354000,-0.06464153500,0.01276989600,0.00256163250
etaWear,FEAC84C53DE7,1728464634873,2024-10-09T12:03:54.873,26.89000000000,0.99782354000,-0.06464153500,0.01276989600,0.00256163250
etaWear,FEAC84C53DE7,1728464634883,2024-10-09T12:03:54.883,26.90000000000,0.99782354000,-0.06464153500,0.01276989600,0.00256163250
etaWear,FEAC84C53DE7,1728464634893,2024-10-09T12:03:54.893,26.91000000000,0.99782354000,-0.06464153500,0.01276989600,0.00256163250
etaWear,FEAC84C53DE7,1728464635033,2024-10-09T12:03:55.033,27.05000000000,0.99782354000,-0.06464153500,0.01276989600,0.00256163250
etaWear,FEAC84C53DE7,1728464635043,2024-10-09T12:03:55.043,27.06000000000,0.99782354000,-0.06464153500,0.01276989600,0.00256163250
etaWear,FEAC84C53DE7,1728464635053,2024-10-09T12:03:55.053,27.07000000000,0.99782354000,-0.06464153500,0.01276989600,0.00256163250
etaWear,FEAC84C53DE7,1728464635063,2024-10-09T12:03:55.063,27.08000000000,0.99782354000,-0.06464153500,0.01276989600,0.00256163250
etaWear,FEAC84C53DE7,1728464635073,2024-10-09T12:03:55.073,27.09000000000,0.99782354000,-0.06464153500,0.01276989600,0.00256163250
etaWear,FEAC84C53DE7,1728464635083,2024-10-09T12:03:55.083,27.10000000000,0.99782354000,-0.06464153500,0.01276989600,0.00256163250
etaWear,FEAC84C53DE7,1728464635093,2024-10-09T12:03:55.093,27.11000000000,0.99782354000,-0.06464153500,0.01276989600,0.00256163250
etaWear,FEAC84C53DE7,1728464635113,2024-10-09T12:03:55.113,27.13000000000,0.99782354000,-0.06464153500,0.01276989600,0.00256163250
etaWear,FEAC84C53DE7,1728464635123,2024-10-09T12:03:55.123,27.14000000000,0.99782354000,-0.06464153500,0.01276989600,0.00256163250
etaWear,FEAC84C53DE7,1728464635133,2024-10-09T12:03:55.133,27.15000000000,0.99782354000,-0.06464153500,0.01276989600,0.00256163250
etaWear,FEAC84C53DE7,1728464635143,2024-10-09T12:03:55.143,27.16000000000,0.99782354000,-0.06464153500,0.01276989600,0.00256163250
etaWear,FEAC84C53DE7,1728464635153,2024-10-09T12:03:55.153,27.17000000000,0.99782354000,-0.06464153500,0.01276989600,0.00256163250
etaWear,FEAC84C53DE7,1728464635163,2024-10-09T12:03:55.163,27.18000000000,0.99782354000,-0.06464153500,0.01276989600,0.00256163250
etaWear,FEAC84C53DE7,1728464635173,2024-10-09T12:03:55.173,27.19000000000,0.99782354000,-0.06464153500,0.01276989600,0.00256163250
etaWear,FEAC84C53DE7,1728464635193,2024-10-09T12:03:55.193,27.21000000000,0.99782354000,-0.06464153500,0.01276989600,0.00256163250
etaWear,FEAC84C53DE7,1728464635203,2024-10-09T12:03:55.203,27.22000000000,0.99782354000,-0.06464153500,0.01276989600,0.00256163250
etaWear,FEAC84C53DE7,1728464635213,2024-10-09T12:03:55.213,27.23000000000,0.99782354000,-0.06464153500,0.01276989600,0.00256163250
etaWear,FEAC84C53DE7,1728464635223,2024-10-09T12:03:55.223,27.24000000000,0.99782354000,-0.06464153500,0.01276989600,0.00256163250
etaWear,FEAC84C53DE7,1728464635233,2024-10-09T12:03:55.233,27.25000000000,0.99782354000,-0.06464153500,0.01276989600,0.00256163250
etaWear,FEAC84C53DE7,1728464635243,2024-10-09T12:03:55.243,27.26000000000,0.99782354000,-0.06464153500,0.01276989600,0.00256163250
etaWear,FEAC84C53DE7,1728464635253,2024-10-09T12:03:55.253,27.27000000000,0.99782354000,-0.06464153500,0.01276989600,0.00256163250
etaWear,FEAC84C53DE7,1728464635273,2024-10-09T12:03:55.273,27.29000000000,0.99782354000,-0.06464153500,0.01276989600,0.00256163250
etaWear,FEAC84C53DE7,1728464635283,2024-10-09T12:03:55.283,27.30000000000,0.99782354000,-0.06464153500,0.01276989600,0.00256163250
MetaWear,FEAC84C53DE7,1728464635293,2024-10-09T12:03:55.293,27.31000000000,0.99782354000,-0.06464153500,0.01276989600,0.00256163250
etaWear,FEAC84C53DE7,1728464635303,2024-10-09T12:03:55.303,27.32000000000,0.99782354000,-0.06464153500,0.01276989600,0.00256163250
etaWear,FEAC84C53DE7,1728464635313,2024-10-09T12:03:55.313,27.33000000000,0.99782354000,-0.06464153500,0.01276989600,0.00256163250
etaWear,FEAC84C53DE7,1728464635323,2024-10-09T12:03:55.323,27.34000000000,0.99782354000,-0.06464153500,0.01276989600,0.00256163250
etaWear,FEAC84C53DE7,1728464635333,2024-10-09T12:03:55.333,27.35000000000,0.99782354000,-0.06464153500,0.01276989600,0.00256163250
etaWear,FEAC84C53DE7,1728464635353,2024-10-09T12:03:55.353,27.37000000000,0.99782354000,-0.06464153500,0.01276989600,0.00256163250
etaWear,FEAC84C53DE7,1728464635363,2024-10-09T12:03:55.363,27.38000000000,0.99782354000,-0.06464153500,0.01276989600,0.00256163250
etaWear,FEAC84C53DE7,1728464635373,2024-10-09T12:03:55.373,27.39000000000,0.99782354000,-0.06464153500,0.01276989600,0.00256163250
etaWear,FEAC84C53DE7,1728464635383,2024-10-09T12:03:55.383,27.40000000000,0.99782354000,-0.06464153500,0.01276989600,0.00256163250
etaWear,FEAC84C53DE7,1728464635393,2024-10-09T12:03:55.393,27.41000000000,0.99782354000,-0.06464153500,0.01276989600,0.00256163250
etaWear,FEAC84C53DE7,1728464635403,2024-10-09T12:03:55.403,27.42000000000,0.99782354000,-0.06464153500,0.01276989600,0.00256163250
etaWear,FEAC84C53DE7,1728464635413,2024-10-09T12:03:55.413,27.43000000000,0.99782354000,-0.06464153500,0.01276989600,0.00256163250
etaWear,FEAC84C53DE7,1728464635433,2024-10-09T12:03:55.433,27.45000000000,0.99782354000,-0.06464153500,0.01276989600,0.00256163250
etaWear,FEAC84C53DE7,1728464635443,2024-10-09T12:03:55.443,27.46000000000,0.99782354000,-0.06464153500,0.01276989600,0.00256163250
etaWear,FEAC84C53DE7,1728464635453,2024-10-09T12:03:55.453,27.47000000000,0.99782354000,-0.06464153500,0.01276989600,0.00256163250
etaWear,FEAC84C53DE7,1728464635463,2024-10-09T12:03:55.463,27.48000000000,0.99782354000,-0.06464153500,0.01276989600,0.00256163250
etaWear,FEAC84C53DE7,1728464635473,2024-10-09T12:03:55.473,27.49000000000,0.99782354000,-0.06464153500,0.01276989600,0.00256163250
etaWear,FEAC84C53DE7,1728464635483,2024-10-09T12:03:55.483,27.50000000000,0.99782354000,-0.06464153500,0.01276989600,0.00256163250
etaWear,FEAC84C53DE7,1728464635493,2024-10-09T12:03:55.493,27.51000000000,0.99782354000,-0.06464153500,0.01276989600,0.00256163250
etaWear,FEAC84C53DE7,1728464635513,2024-10-09T12:03:55.513,27.53000000000,0.99782354000,-0.06464153500,0.01276989600,0.00256163250
etaWear,FEAC84C53DE7,1728464635523,2024-10-09T12:03:55.523,27.54000000000,0.99782354000,-0.06464153500,0.01276989600,0.00256163250
etaWear,FEAC84C53DE7,1728464635533,2024-10-09T12:03:55.533,27.55000000000,0.99782354000,-0.06464153500,0.01276989600,0.00256163250
etaWear,FEAC84C53DE7,1728464635543,2024-10-09T12:03:55.543,27.56000000000,0.99782354000,-0.06464153500,0.01276989600,0.00256163250
etaWear,FEAC84C53DE7,1728464635553,2024-10-09T12:03:55.553,27.57000000000,0.99782354000,-0.06464153500,0.01276989600,0.00256163250
etaWear,FEAC84C53DE7,1728464635563,2024-10-09T12:03:55.563,27.58000000000,0.99782354000,-0.06464153500,0.01276989600,0.00256163250
etaWear,FEAC84C53DE7,1728464635573,2024-10-09T12:03:55.573,27.59000000000,0.99782354000,-0.06464153500,0.01276989600,0.00256163250
etaWear,FEAC84C53DE7,1728464635593,2024-10-09T12:03:55.593,27.61000000000,0.99782354000,-0.06464153500,0.01276989600,0.00256163250
etaWear,FEAC84C53DE7,1728464635753,2024-10-09T12:03:55.753,27.77000000000,0.99782354000,-0.06464153500,0.01276989600,0.00256163250
etaWear,FEAC84C53DE7,1728464635763,2024-10-09T12:03:55.763,27.78000000000,0.99782354000,-0.06464153500,0.01276989600,0.00256163250
etaWear,FEAC84C53DE7,1728464635773,2024-10-09T12:03:55.773,27.79000000000,0.99782354000,-0.06464153500,0.01276989600,0.00256163250
etaWear,FEAC84C53DE7,1728464635783,2024-10-09T12:03:55.783,27.80000000000,0.99782354000,-0.06464153500,0.01276989600,0.00256163250
etaWear,FEAC84C53DE7,1728464635793,2024-10-09T12:03:55.793,27.81000000000,0.99782354000,-0.06464153500,0.01276989600,0.00256163250
etaWear,FEAC84C53DE7,1728464635803,2024-10-09T12:03:55.803,27.82000000000,0.99782354000,-0.06464153500,0.01276989600,0.00256163250
etaWear,FEAC84C53DE7,1728464635813,2024-10-09T12:03:55.813,27.83000000000,0.99782354000,-0.06464153500,0.01276989600,0.00256163250
etaWear,FEAC84C53DE7,1728464635833,2024-10-09T12:03:55.833,27.85000000000,0.99782354000,-0.06464153500,0.01276989600,0.00256163250
etaWear,FEAC84C53DE7,1728464635843,2024-10-09T12:03:55.843,27.86000000000,0.99782354000,-0.06464153500,0.01276989600,0.00256163250
etaWear,FEAC84C53DE7,1728464635853,2024-10-09T12:03:55.853,27.87000000000,0.99782354000,-0.06464153500,0.01276989600,0.00256163250
etaWear,FEAC84C53DE7,1728464635863,2024-10-09T12:03:55.863,27.88000000000,0.99782354000,-0.06464153500,0.01276989600,0.00256163250
etaWear,FEAC84C53DE7,1728464635873,2024-10-09T12:03:55.873,27.89000000000,0.99782354000,-0.06464153500,0.01276989600,0.00256163250
etaWear,FEAC84C53DE7,1728464635883,2024-10-09T12:03:55.883,27.90000000000,0.99782354000,-0.06464153500,0.01276989600,0.00256163250
etaWear,FEAC84C53DE7,1728464635893,2024-10-09T12:03:55.893,27.91000000000,0.99782354000,-0.06464153500,0.01276989600,0.00256163250
etaWear,FEAC84C53DE7,1728464635903,2024-10-09T12:03:55.903,27.92000000000,0.99782354000,-0.06464153500,0.01276989600,0.00256163250
etaWear,FEAC84C53DE7,1728464635923,2024-10-09T12:03:55.923,27.94000000000,0.99782354000,-0.06464153500,0.01276989600,0.00256163250
etaWear,FEAC84C53DE7,1728464635933,2024-10-09T12:03:55.933,27.95000000000,0.99782354000,-0.06464153500,0.01276989600,0.00256163250
etaWear,FEAC84C53DE7,1728464635943,2024-10-09T12:03:55.943,27.96000000000,0.99782354000,-0.06464153500,0.01276989600,0.00256163250
etaWear,FEAC84C53DE7,1728464635953,2024-10-09T12:03:55.953,27.97000000000,0.99782354000,-0.06464153500,0.01276989600,0.00256163250
etaWear,FEAC84C53DE7,1728464635963,2024-10-09T12:03:55.963,27.98000000000,0.99782354000,-0.06464153500,0.01276989600,0.00256163250
etaWear,FEAC84C53DE7,1728464635973,2024-10-09T12:03:55.973,27.99000000000,0.99782354000,-0.06464153500,0.01276989600,0.00256163250
etaWear,FEAC84C53DE7,1728464636033,2024-10-09T12:03:56.033,28.05000000000,0.99782354000,-0.06464153500,0.01276989600,0.00256163250
etaWear,FEAC84C53DE7,1728464636043,2024-10-09T12:03:56.043,28.06000000000,0.99782354000,-0.06464153500,0.01276989600,0.00256163250
etaWear,FEAC84C53DE7,1728464636053,2024-10-09T12:03:56.053,28.07000000000,0.99782354000,-0.06464153500,0.01276989600,0.00256163250
etaWear,FEAC84C53DE7,1728464636063,2024-10-09T12:03:56.063,28.08000000000,0.99782354000,-0.06464153500,0.01276989600,0.00256163250
etaWear,FEAC84C53DE7,1728464636083,2024-10-09T12:03:56.083,28.10000000000,0.99782354000,-0.06464153500,0.01276989600,0.00256163250
etaWear,FEAC84C53DE7,1728464636093,2024-10-09T12:03:56.093,28.11000000000,0.99782354000,-0.06464153500,0.01276989600,0.00256163250
etaWear,FEAC84C53DE7,1728464636113,2024-10-09T12:03:56.113,28.13000000000,0.99782354000,-0.06464153500,0.01276989600,0.00256163250
etaWear,FEAC84C53DE7,1728464636123,2024-10-09T12:03:56.123,28.14000000000,0.99782354000,-0.06464153500,0.01276989600,0.00256163250
etaWear,FEAC84C53DE7,1728464636133,2024-10-09T12:03:56.133,28.15000000000,0.99782354000,-0.06464153500,0.01276989600,0.00256163250
etaWear,FEAC84C53DE7,1728464636143,2024-10-09T12:03:56.143,28.16000000000,0.99782354000,-0.06464153500,0.01276989600,0.00256163250
etaWear,FEAC84C53DE7,1728464636163,2024-10-09T12:03:56.163,28.18000000000,0.99782354000,-0.06464153500,0.01276989600,0.00256163250
etaWear,FEAC84C53DE7,1728464636173,2024-10-09T12:03:56.173,28.19000000000,0.99782354000,-0.06464153500,0.01276989600,0.00256163250
etaWear,FEAC84C53DE7,1728464636183,2024-10-09T12:03:56.183,28.20000000000,0.99782354000,-0.06464153500,0.01276989600,0.00256163250
etaWear,FEAC84C53DE7,1728464636193,2024-10-09T12:03:56.193,28.21000000000,0.99782354000,-0.06464153500,0.01276989600,0.00256163250
etaWear,FEAC84C53DE7,1728464636203,2024-10-09T12:03:56.203,28.22000000000,0.99782354000,-0.06464153500,0.01276989600,0.00256163250
etaWear,FEAC84C53DE7,1728464636213,2024-10-09T12:03:56.213,28.23000000000,0.99782354000,-0.06464153500,0.01276989600,0.00256163250
etaWear,FEAC84C53DE7,1728464636223,2024-10-09T12:03:56.223,28.24000000000,0.99782354000,-0.06464153500,0.01276989600,0.00256163250
etaWear,FEAC84C53DE7,1728464636243,2024-10-09T12:03:56.243,28.26000000000,0.99782354000,-0.06464153500,0.01276989600,0.00256163250
etaWear,FEAC84C53DE7,1728464636253,2024-10-09T12:03:56.253,28.27000000000,0.99782354000,-0.06464153500,0.01276989600,0.00256163250
etaWear,FEAC84C53DE7,1728464636263,2024-10-09T12:03:56.263,28.28000000000,0.99782354000,-0.06464153500,0.01276989600,0.00256163250
etaWear,FEAC84C53DE7,1728464636273,2024-10-09T12:03:56.273,28.29000000000,0.99782354000,-0.06464153500,0.01276989600,0.00256163250
etaWear,FEAC84C53DE7,1728464636283,2024-10-09T12:03:56.283,28.30000000000,0.99782354000,-0.06464153500,0.01276989600,0.00256163250
etaWear,FEAC84C53DE7,1728464636293,2024-10-09T12:03:56.293,28.31000000000,0.99782354000,-0.06464153500,0.01276989600,0.00256163250
etaWear,FEAC84C53DE7,1728464636303,2024-10-09T12:03:56.303,28.32000000000,0.99782354000,-0.06464153500,0.01276989600,0.00256163250
etaWear,FEAC84C53DE7,1728464636323,2024-10-09T12:03:56.323,28.34000000000,0.99782354000,-0.06464153500,0.01276989600,0.00256163250
etaWear,FEAC84C53DE7,1728464636433,2024-10-09T12:03:56.433,28.45000000000,0.99782354000,-0.06464153500,0.01276989600,0.00256163250
etaWear,FEAC84C53DE7,1728464636443,2024-10-09T12:03:56.443,28.46000000000,0.99782354000,-0.06464153500,0.01276989600,0.00256163250
etaWear,FEAC84C53DE7,1728464636453,2024-10-09T12:03:56.453,28.47000000000,0.99782354000,-0.06464153500,0.01276989600,0.00256163250
etaWear,FEAC84C53DE7,1728464636463,2024-10-09T12:03:56.463,28.48000000000,0.99782354000,-0.06464153500,0.01276989600,0.00256163250
etaWear,FEAC84C53DE7,1728464636483,2024-10-09T12:03:56.483,28.50000000000,0.99782354000,-0.06464153500,0.01276989600,0.00256163250
etaWear,FEAC84C53DE7,1728464636493,2024-10-09T12:03:56.493,28.51000000000,0.99782354000,-0.06464153500,0.01276989600,0.00256163250
etaWear,FEAC84C53DE7,1728464636503,2024-10-09T12:03:56.503,28.52000000000,0.99782354000,-0.06464153500,0.01276989600,0.00256163250
etaWear,FEAC84C53DE7,1728464636513,2024-10-09T12:03:56.513,28.53000000000,0.99782354000,-0.06464153500,0.01276989600,0.00256163250
etaWear,FEAC84C53DE7,1728464636523,2024-10-09T12:03:56.523,28.54000000000,0.99782354000,-0.06464153500,0.01276989600,0.00256163250
etaWear,FEAC84C53DE7,1728464636533,2024-10-09T12:03:56.533,28.55000000000,0.99782354000,-0.06464153500,0.01276989600,0.00256163250
etaWear,FEAC84C53DE7,1728464636543,2024-10-09T12:03:56.543,28.56000000000,0.99782354000,-0.06464153500,0.01276989600,0.00256163250
etaWear,FEAC84C53DE7,1728464636563,2024-10-09T12:03:56.563,28.58000000000,0.99782354000,-0.06464153500,0.01276989600,0.00256163250
etaWear,FEAC84C53DE7,1728464636573,2024-10-09T12:03:56.573,28.59000000000,0.99782354000,-0.06464153500,0.01276989600,0.00256163250
etaWear,FEAC84C53DE7,1728464636583,2024-10-09T12:03:56.583,28.60000000000,0.99782354000,-0.06464153500,0.01276989600,0.00256163250
etaWear,FEAC84C53DE7,1728464636593,2024-10-09T12:03:56.593,28.61000000000,0.99782354000,-0.06464153500,0.01276989600,0.00256163250
etaWear,FEAC84C53DE7,1728464636603,2024-10-09T12:03:56.603,28.62000000000,0.99782354000,-0.06464153500,0.01276989600,0.00256163250
etaWear,FEAC84C53DE7,1728464636613,2024-10-09T12:03:56.613,28.63000000000,0.99782354000,-0.06464153500,0.01276989600,0.00256163250
etaWear,FEAC84C53DE7,1728464636623,2024-10-09T12:03:56.623,28.64000000000,0.99782354000,-0.06464153500,0.01276989600,0.00256163250
etaWear,FEAC84C53DE7,1728464636643,2024-10-09T12:03:56.643,28.66000000000,0.99782354000,-0.06464153500,0.01276989600,0.00256163250
etaWear,FEAC84C53DE7,1728464636723,2024-10-09T12:03:56.723,28.74000000000,0.99782354000,-0.06464153500,0.01276989600,0.00256163250
etaWear,FEAC84C53DE7,1728464636733,2024-10-09T12:03:56.733,28.75000000000,0.99782354000,-0.06464153500,0.01276989600,0.00256163250
etaWear,FEAC84C53DE7,1728464636743,2024-10-09T12:03:56.743,28.76000000000,0.99782354000,-0.06464153500,0.01276989600,0.00256163250
etaWear,FEAC84C53DE7,1728464636753,2024-10-09T12:03:56.753,28.77000000000,0.99782354000,-0.06464153500,0.01276989600,0.00256163250
etaWear,FEAC84C53DE7,1728464636763,2024-10-09T12:03:56.763,28.78000000000,0.99782354000,-0.06464153500,0.01276989600,0.00256163250
etaWear,FEAC84C53DE7,1728464636773,2024-10-09T12:03:56.773,28.79000000000,0.99782354000,-0.06464153500,0.01276989600,0.00256163250
etaWear,FEAC84C53DE7,1728464636833,2024-10-09T12:03:56.833,28.85000000000,0.99782354000,-0.06464153500,0.01276989600,0.00256163250
etaWear,FEAC84C53DE7,1728464636863,2024-10-09T12:03:56.863,28.88000000000,0.99782354000,-0.06464153500,0.01276989600,0.00256163250
etaWear,FEAC84C53DE7,1728464636883,2024-10-09T12:03:56.883,28.90000000000,0.99782354000,-0.06464153500,0.01276989600,0.00256163250
etaWear,FEAC84C53DE7,1728464636893,2024-10-09T12:03:56.893,28.91000000000,0.99782354000,-0.06464153500,0.01276989600,0.00256163250
etaWear,FEAC84C53DE7,1728464636903,2024-10-09T12:03:56.903,28.92000000000,0.99782354000,-0.06464153500,0.01276989600,0.00256163250
etaWear,FEAC84C53DE7,1728464636913,2024-10-09T12:03:56.913,28.93000000000,0.99782354000,-0.06464153500,0.01276989600,0.00256163250
etaWear,FEAC84C53DE7,1728464636923,2024-10-09T12:03:56.923,28.94000000000,0.99782354000,-0.06464153500,0.01276989600,0.00256163250
etaWear,FEAC84C53DE7,1728464636933,2024-10-09T12:03:56.933,28.95000000000,0.99782354000,-0.06464153500,0.01276989600,0.00256163250
etaWear,FEAC84C53DE7,1728464636943,2024-10-09T12:03:56.943,28.96000000000,0.99782354000,-0.06464153500,0.01276989600,0.00256163250
etaWear,FEAC84C53DE7,1728464636963,2024-10-09T12:03:56.963,28.98000000000,0.99782354000,-0.06464153500,0.01276989600,0.00256163250
etaWear,FEAC84C53DE7,1728464636973,2024-10-09T12:03:56.973,28.99000000000,0.99782354000,-0.06464153500,0.01276989600,0.00256163250
etaWear,FEAC84C53DE7,1728464636983,2024-10-09T12:03:56.983,29.00000000000,0.99782354000,-0.06464153500,0.01276989600,0.00256163250
etaWear,FEAC84C53DE7,1728464636993,2024-10-09T12:03:56.993,29.01000000000,0.99782354000,-0.06464153500,0.01276989600,0.00256163250
etaWear,FEAC84C53DE7,1728464637003,2024-10-09T12:03:57.003,29.02000000000,0.99782354000,-0.06464153500,0.01276989600,0.00256163250
etaWear,FEAC84C53DE7,1728464637013,2024-10-09T12:03:57.013,29.03000000000,0.99782354000,-0.06464153500,0.01276989600,0.00256163250
etaWear,FEAC84C53DE7,1728464637023,2024-10-09T12:03:57.023,29.04000000000,0.99782354000,-0.06464153500,0.01276989600,0.00256163250
MetaWear,FEAC84C53DE7,1728464637073,2024-10-09T12:03:57.073,29.09000000000,0.99782354000,-0.06464153500,0.01276989600,0.00256163250
etaWear,FEAC84C53DE7,1728464637083,2024-10-09T12:03:57.083,29.10000000000,0.99782354000,-0.06464153500,0.01276989600,0.00256163250
etaWear,FEAC84C53DE7,1728464637093,2024-10-09T12:03:57.093,29.11000000000,0.99782354000,-0.06464153500,0.01276989600,0.00256163250
etaWear,FEAC84C53DE7,1728464637103,2024-10-09T12:03:57.103,29.12000000000,0.99782354000,-0.06464153500,0.01276989600,0.00256163250
etaWear,FEAC84C53DE7,1728464637123,2024-10-09T12:03:57.123,29.14000000000,0.99782354000,-0.06464153500,0.01276989600,0.00256163250
etaWear,FEAC84C53DE7,1728464637133,2024-10-09T12:03:57.133,29.15000000000,0.99782354000,-0.06464153500,0.01276989600,0.00256163250
etaWear,FEAC84C53DE7,1728464637143,2024-10-09T12:03:57.143,29.16000000000,0.99782354000,-0.06464153500,0.01276989600,0.00256163250
etaWear,FEAC84C53DE7,1728464637153,2024-10-09T12:03:57.153,29.17000000000,0.99782354000,-0.06464153500,0.01276989600,0.00256163250
etaWear,FEAC84C53DE7,1728464637163,2024-10-09T12:03:57.163,29.18000000000,0.99782354000,-0.06464153500,0.01276989600,0.00256163250
etaWear,FEAC84C53DE7,1728464637173,2024-10-09T12:03:57.173,29.19000000000,0.99782354000,-0.06464153500,0.01276989600,0.00256163250
etaWear,FEAC84C53DE7,1728464637183,2024-10-09T12:03:57.183,29.20000000000,0.99782354000,-0.06464153500,0.01276989600,0.00256163250
etaWear,FEAC84C53DE7,1728464637193,2024-10-09T12:03:57.193,29.21000000000,0.99782354000,-0.06464153500,0.01276989600,0.00256163250
etaWear,FEAC84C53DE7,1728464637223,2024-10-09T12:03:57.223,29.24000000000,0.99782354000,-0.06464153500,0.01276989600,0.00256163250
etaWear,FEAC84C53DE7,1728464637233,2024-10-09T12:03:57.233,29.25000000000,0.99782354000,-0.06464153500,0.01276989600,0.00256163250
etaWear,FEAC84C53DE7,1728464637243,2024-10-09T12:03:57.243,29.26000000000,0.99782354000,-0.06464153500,0.01276989600,0.00256163250
etaWear,FEAC84C53DE7,1728464637253,2024-10-09T12:03:57.253,29.27000000000,0.99782354000,-0.06464153500,0.01276989600,0.00256163250
etaWear,FEAC84C53DE7,1728464637263,2024-10-09T12:03:57.263,29.28000000000,0.99782354000,-0.06464153500,0.01276989600,0.00256163250
etaWear,FEAC84C53DE7,1728464637273,2024-10-09T12:03:57.273,29.29000000000,0.99782354000,-0.06464153500,0.01276989600,0.00256163250
etaWear,FEAC84C53DE7,1728464637293,2024-10-09T12:03:57.293,29.31000000000,0.99782354000,-0.06464153500,0.01276989600,0.00256163250
etaWear,FEAC84C53DE7,1728464637303,2024-10-09T12:03:57.303,29.32000000000,0.99782354000,-0.06464153500,0.01276989600,0.00256163250
etaWear,FEAC84C53DE7,1728464637313,2024-10-09T12:03:57.313,29.33000000000,0.99782354000,-0.06464153500,0.01276989600,0.00256163250
etaWear,FEAC84C53DE7,1728464637323,2024-10-09T12:03:57.323,29.34000000000,0.99782354000,-0.06464153500,0.01276989600,0.00256163250
etaWear,FEAC84C53DE7,1728464637333,2024-10-09T12:03:57.333,29.35000000000,0.99782354000,-0.06464153500,0.01276989600,0.00256163250
etaWear,FEAC84C53DE7,1728464637343,2024-10-09T12:03:57.343,29.36000000000,0.99782354000,-0.06464153500,0.01276989600,0.00256163250
etaWear,FEAC84C53DE7,1728464637353,2024-10-09T12:03:57.353,29.37000000000,0.99782354000,-0.06464153500,0.01276989600,0.00256163250
etaWear,FEAC84C53DE7,1728464637403,2024-10-09T12:03:57.403,29.42000000000,0.99782354000,-0.06464153500,0.01276989600,0.00256163250
etaWear,FEAC84C53DE7,1728464637413,2024-10-09T12:03:57.413,29.43000000000,0.99782354000,-0.06464153500,0.01276989600,0.00256163250
etaWear,FEAC84C53DE7,1728464637423,2024-10-09T12:03:57.423,29.44000000000,0.99782354000,-0.06464153500,0.01276989600,0.00256163250
etaWear,FEAC84C53DE7,1728464637433,2024-10-09T12:03:57.433,29.45000000000,0.99782354000,-0.06464153500,0.01276989600,0.00256163250
etaWear,FEAC84C53DE7,1728464637453,2024-10-09T12:03:57.453,29.47000000000,0.99782354000,-0.06464153500,0.01276989600,0.00256163250
etaWear,FEAC84C53DE7,1728464637463,2024-10-09T12:03:57.463,29.48000000000,0.99782354000,-0.06464153500,0.01276989600,0.00256163250
etaWear,FEAC84C53DE7,1728464637473,2024-10-09T12:03:57.473,29.49000000000,0.99782354000,-0.06464153500,0.01276989600,0.00256163250
etaWear,FEAC84C53DE7,1728464637483,2024-10-09T12:03:57.483,29.50000000000,0.99782354000,-0.06464153500,0.01276989600,0.00256163250
etaWear,FEAC84C53DE7,1728464637493,2024-10-09T12:03:57.493,29.51000000000,0.99782354000,-0.06464153500,0.01276989600,0.00256163250
etaWear,FEAC84C53DE7,1728464637503,2024-10-09T12:03:57.503,29.52000000000,0.99782354000,-0.06464153500,0.01276989600,0.00256163250
etaWear,FEAC84C53DE7,1728464637513,2024-10-09T12:03:57.513,29.53000000000,0.99782354000,-0.06464153500,0.01276989600,0.00256163250
etaWear,FEAC84C53DE7,1728464637533,2024-10-09T12:03:57.533,29.55000000000,0.99782354000,-0.06464153500,0.01276989600,0.00256163250
etaWear,FEAC84C53DE7,1728464637543,2024-10-09T12:03:57.543,29.56000000000,0.99782354000,-0.06464153500,0.01276989600,0.00256163250
etaWear,FEAC84C53DE7,1728464637553,2024-10-09T12:03:57.553,29.57000000000,0.99782354000,-0.06464153500,0.01276989600,0.00256163250
etaWear,FEAC84C53DE7,1728464637563,2024-10-09T12:03:57.563,29.58000000000,0.99782354000,-0.06464153500,0.01276989600,0.00256163250
etaWear,FEAC84C53DE7,1728464637573,2024-10-09T12:03:57.573,29.59000000000,0.99782354000,-0.06464153500,0.01276989600,0.00256163250
etaWear,FEAC84C53DE7,1728464637583,2024-10-09T12:03:57.583,29.60000000000,0.99782354000,-0.06464153500,0.01276989600,0.00256163250
etaWear,FEAC84C53DE7,1728464637593,2024-10-09T12:03:57.593,29.61000000000,0.99782354000,-0.06464153500,0.01276989600,0.00256163250
etaWear,FEAC84C53DE7,1728464637613,2024-10-09T12:03:57.613,29.63000000000,0.99782354000,-0.06464153500,0.01276989600,0.00256163250
etaWear,FEAC84C53DE7,1728464637623,2024-10-09T12:03:57.623,29.64000000000,0.99782354000,-0.06464153500,0.01276989600,0.00256163250
etaWear,FEAC84C53DE7,1728464637633,2024-10-09T12:03:57.633,29.65000000000,0.99782354000,-0.06464153500,0.01276989600,0.00256163250
etaWear,FEAC84C53DE7,1728464637643,2024-10-09T12:03:57.643,29.66000000000,0.99782354000,-0.06464153500,0.01276989600,0.00256163250
etaWear,FEAC84C53DE7,1728464637653,2024-10-09T12:03:57.653,29.67000000000,0.99782354000,-0.06464153500,0.01276989600,0.00256163250
etaWear,FEAC84C53DE7,1728464637663,2024-10-09T12:03:57.663,29.68000000000,0.99782354000,-0.06464153500,0.01276989600,0.00256163250
etaWear,FEAC84C53DE7,1728464637783,2024-10-09T12:03:57.783,29.80000000000,0.99782354000,-0.06464153500,0.01276989600,0.00256163250
etaWear,FEAC84C53DE7,1728464637793,2024-10-09T12:03:57.793,29.81000000000,0.99782354000,-0.06464153500,0.01276989600,0.00256163250
etaWear,FEAC84C53DE7,1728464637803,2024-10-09T12:03:57.803,29.82000000000,0.99782354000,-0.06464153500,0.01276989600,0.00256163250
etaWear,FEAC84C53DE7,1728464637813,2024-10-09T12:03:57.813,29.83000000000,0.99782354000,-0.06464153500,0.01276989600,0.00256163250
etaWear,FEAC84C53DE7,1728464637823,2024-10-09T12:03:57.823,29.84000000000,0.99782354000,-0.06464153500,0.01276989600,0.00256163250
etaWear,FEAC84C53DE7,1728464637833,2024-10-09T12:03:57.833,29.85000000000,0.99782354000,-0.06464153500,0.01276989600,0.00256163250
etaWear,FEAC84C53DE7,1728464637853,2024-10-09T12:03:57.853,29.87000000000,0.99782354000,-0.06464153500,0.01276989600,0.00256163250
etaWear,FEAC84C53DE7,1728464637863,2024-10-09T12:03:57.863,29.88000000000,0.99782354000,-0.06464153500,0.01276989600,0.00256163250
etaWear,FEAC84C53DE7,1728464637873,2024-10-09T12:03:57.873,29.89000000000,0.99782354000,-0.06464153500,0.01276989600,0.00256163250
etaWear,FEAC84C53DE7,1728464637883,2024-10-09T12:03:57.883,29.90000000000,0.99782354000,-0.06464153500,0.01276989600,0.00256163250
etaWear,FEAC84C53DE7,1728464637893,2024-10-09T12:03:57.893,29.91000000000,0.99782354000,-0.06464153500,0.01276989600,0.00256163250
etaWear,FEAC84C53DE7,1728464637903,2024-10-09T12:03:57.903,29.92000000000,0.99782354000,-0.06464153500,0.01276989600,0.00256163250
etaWear,FEAC84C53DE7,1728464637913,2024-10-09T12:03:57.913,29.93000000000,0.99782354000,-0.06464153500,0.01276989600,0.00256163250
etaWear,FEAC84C53DE7,1728464637933,2024-10-09T12:03:57.933,29.95000000000,0.99782354000,-0.06464153500,0.01276989600,0.00256163250
etaWear,FEAC84C53DE7,1728464637943,2024-10-09T12:03:57.943,29.96000000000,0.99782354000,-0.06464153500,0.01276989600,0.00256163250
etaWear,FEAC84C53DE7,1728464637953,2024-10-09T12:03:57.953,29.97000000000,0.99782354000,-0.06464153500,0.01276989600,0.00256163250
etaWear,FEAC84C53DE7,1728464637963,2024-10-09T12:03:57.963,29.98000000000,0.99782354000,-0.06464153500,0.01276989600,0.00256163250
etaWear,FEAC84C53DE7,1728464637973,2024-10-09T12:03:57.973,29.99000000000,0.99782354000,-0.06464153500,0.01276989600,0.00256163250
etaWear,FEAC84C53DE7,1728464637983,2024-10-09T12:03:57.983,30.00000000000,0.99782354000,-0.06464153500,0.01276989600,0.00256163250
etaWear,FEAC84C53DE7,1728464637993,2024-10-09T12:03:57.993,30.01000000000,0.99782354000,-0.06464153500,0.01276989600,0.00256163250
etaWear,FEAC84C53DE7,1728464638013,2024-10-09T12:03:58.013,30.03000000000,0.99782354000,-0.06464153500,0.01276989600,0.00256163250
etaWear,FEAC84C53DE7,1728464638023,2024-10-09T12:03:58.023,30.04000000000,0.99782354000,-0.06464153500,0.01276989600,0.00256163250
etaWear,FEAC84C53DE7,1728464638203,2024-10-09T12:03:58.203,30.22000000000,0.99782354000,-0.06464153500,0.01276989600,0.00256163250
etaWear,FEAC84C53DE7,1728464638213,2024-10-09T12:03:58.213,30.23000000000,0.99782354000,-0.06464153500,0.01276989600,0.00256163250
etaWear,FEAC84C53DE7,1728464638223,2024-10-09T12:03:58.223,30.24000000000,0.99782354000,-0.06464153500,0.01276989600,0.00256163250
etaWear,FEAC84C53DE7,1728464638233,2024-10-09T12:03:58.233,30.25000000000,0.99782354000,-0.06464153500,0.01276989600,0.00256163250
etaWear,FEAC84C53DE7,1728464638253,2024-10-09T12:03:58.253,30.27000000000,0.99782354000,-0.06464153500,0.01276989600,0.00256163250
etaWear,FEAC84C53DE7,1728464638263,2024-10-09T12:03:58.263,30.28000000000,0.99782354000,-0.06464153500,0.01276989600,0.00256163250
etaWear,FEAC84C53DE7,1728464638273,2024-10-09T12:03:58.273,30.29000000000,0.99782354000,-0.06464153500,0.01276989600,0.00256163250
etaWear,FEAC84C53DE7,1728464638283,2024-10-09T12:03:58.283,30.30000000000,0.99782354000,-0.06464153500,0.01276989600,0.00256163250
etaWear,FEAC84C53DE7,1728464638293,2024-10-09T12:03:58.293,30.31000000000,0.99782354000,-0.06464153500,0.01276989600,0.00256163250
etaWear,FEAC84C53DE7,1728464638303,2024-10-09T12:03:58.303,30.32000000000,0.99782354000,-0.06464153500,0.01276989600,0.00256163250
etaWear,FEAC84C53DE7,1728464638313,2024-10-09T12:03:58.313,30.33000000000,0.99782354000,-0.06464153500,0.01276989600,0.00256163250
etaWear,FEAC84C53DE7,1728464638323,2024-10-09T12:03:58.323,30.34000000000,0.99782354000,-0.06464153500,0.01276989600,0.00256163250
etaWear,FEAC84C53DE7,1728464638343,2024-10-09T12:03:58.343,30.36000000000,0.99782354000,-0.06464153500,0.01276989600,0.00256163250
etaWear,FEAC84C53DE7,1728464638353,2024-10-09T12:03:58.353,30.37000000000,0.99782354000,-0.06464153500,0.01276989600,0.00256163250
etaWear,FEAC84C53DE7,1728464638363,2024-10-09T12:03:58.363,30.38000000000,0.99782354000,-0.06464153500,0.01276989600,0.00256163250
etaWear,FEAC84C53DE7,1728464638373,2024-10-09T12:03:58.373,30.39000000000,0.99782354000,-0.06464153500,0.01276989600,0.00256163250
etaWear,FEAC84C53DE7,1728464638383,2024-10-09T12:03:58.383,30.40000000000,0.99782354000,-0.06464153500,0.01276989600,0.00256163250
etaWear,FEAC84C53DE7,1728464638393,2024-10-09T12:03:58.393,30.41000000000,0.99782354000,-0.06464153500,0.01276989600,0.00256163250
etaWear,FEAC84C53DE7,1728464638403,2024-10-09T12:03:58.403,30.42000000000,0.99782354000,-0.06464153500,0.01276989600,0.00256163250
etaWear,FEAC84C53DE7,1728464638423,2024-10-09T12:03:58.423,30.44000000000,0.99782354000,-0.06464153500,0.01276989600,0.00256163250
etaWear,FEAC84C53DE7,1728464638433,2024-10-09T12:03:58.433,30.45000000000,0.99782354000,-0.06464153500,0.01276989600,0.00256163250
etaWear,FEAC84C53DE7,1728464638443,2024-10-09T12:03:58.443,30.46000000000,0.99782354000,-0.06464153500,0.01276989600,0.00256163250
etaWear,FEAC84C53DE7,1728464638453,2024-10-09T12:03:58.453,30.47000000000,0.99782354000,-0.06464153500,0.01276989600,0.00256163250
etaWear,FEAC84C53DE7,1728464638463,2024-10-09T12:03:58.463,30.48000000000,0.99782354000,-0.06464153500,0.01276989600,0.00256163250
etaWear,FEAC84C53DE7,1728464638513,2024-10-09T12:03:58.513,30.53000000000,0.99782354000,-0.06464153500,0.01276989600,0.00256163250
etaWear,FEAC84C53DE7,1728464638523,2024-10-09T12:03:58.523,30.54000000000,0.99782354000,-0.06464153500,0.01276989600,0.00256163250
etaWear,FEAC84C53DE7,1728464638533,2024-10-09T12:03:58.533,30.55000000000,0.99782354000,-0.06464153500,0.01276989600,0.00256163250
etaWear,FEAC84C53DE7,1728464638543,2024-10-09T12:03:58.543,30.56000000000,0.99782354000,-0.06464153500,0.01276989600,0.00256163250
etaWear,FEAC84C53DE7,1728464638553,2024-10-09T12:03:58.553,30.57000000000,0.99782354000,-0.06464153500,0.01276989600,0.00256163250
etaWear,FEAC84C53DE7,1728464638563,2024-10-09T12:03:58.563,30.58000000000,0.99782354000,-0.06464153500,0.01276989600,0.00256163250
etaWear,FEAC84C53DE7,1728464638583,2024-10-09T12:03:58.583,30.60000000000,0.99782354000,-0.06464153500,0.01276989600,0.00256163250
etaWear,FEAC84C53DE7,1728464638593,2024-10-09T12:03:58.593,30.61000000000,0.99782354000,-0.06464153500,0.01276989600,0.00256163250
etaWear,FEAC84C53DE7,1728464638603,2024-10-09T12:03:58.603,30.62000000000,0.99782354000,-0.06464153500,0.01276989600,0.00256163250
etaWear,FEAC84C53DE7,1728464638613,2024-10-09T12:03:58.613,30.63000000000,0.99782354000,-0.06464153500,0.01276989600,0.00256163250
etaWear,FEAC84C53DE7,1728464638623,2024-10-09T12:03:58.623,30.64000000000,0.99782354000,-0.06464153500,0.01276989600,0.00256163250
etaWear,FEAC84C53DE7,1728464638633,2024-10-09T12:03:58.633,30.65000000000,0.99782354000,-0.06464153500,0.01276989600,0.00256163250
etaWear,FEAC84C53DE7,1728464638643,2024-10-09T12:03:58.643,30.66000000000,0.99782354000,-0.06464153500,0.01276989600,0.00256163250
etaWear,FEAC84C53DE7,1728464638663,2024-10-09T12:03:58.663,30.68000000000,0.99782354000,-0.06464153500,0.01276989600,0.00256163250
etaWear,FEAC84C53DE7,1728464638673,2024-10-09T12:03:58.673,30.69000000000,0.99782354000,-0.06464153500,0.01276989600,0.00256163250
etaWear,FEAC84C53DE7,1728464638683,2024-10-09T12:03:58.683,30.70000000000,0.99782354000,-0.06464153500,0.01276989600,0.00256163250
etaWear,FEAC84C53DE7,1728464638693,2024-10-09T12:03:58.693,30.71000000000,0.99782354000,-0.06464153500,0.01276989600,0.00256163250
etaWear,FEAC84C53DE7,1728464638703,2024-10-09T12:03:58.703,30.72000000000,0.99782354000,-0.06464153500,0.01276989600,0.00256163250
etaWear,FEAC84C53DE7,1728464638713,2024-10-09T12:03:58.713,30.73000000000,0.99782354000,-0.06464153500,0.01276989600,0.00256163250
etaWear,FEAC84C53DE7,1728464638723,2024-10-09T12:03:58.723,30.74000000000,0.99782354000,-0.06464153500,0.01276989600,0.00256163250
etaWear,FEAC84C53DE7,1728464638743,2024-10-09T12:03:58.743,30.76000000000,0.99782354000,-0.06464153500,0.01276989600,0.00256163250
etaWear,FEAC84C53DE7,1728464638753,2024-10-09T12:03:58.753,30.77000000000,0.99782354000,-0.06464153500,0.01276989600,0.00256163250
etaWear,FEAC84C53DE7,1728464638763,2024-10-09T12:03:58.763,30.78000000000,0.99782354000,-0.06464153500,0.01276989600,0.00256163250
etaWear,FEAC84C53DE7,1728464638773,2024-10-09T12:03:58.773,30.79000000000,0.99782354000,-0.06464153500,0.01276989600,0.00256163250
etaWear,FEAC84C53DE7,1728464638783,2024-10-09T12:03:58.783,30.80000000000,0.99782354000,-0.06464153500,0.01276989600,0.00256163250
etaWear,FEAC84C53DE7,1728464638883,2024-10-09T12:03:58.883,30.90000000000,0.99782354000,-0.06464153500,0.01276989600,0.00256163250
etaWear,FEAC84C53DE7,1728464638903,2024-10-09T12:03:58.903,30.92000000000,0.99782354000,-0.06464153500,0.01276989600,0.00256163250
etaWear,FEAC84C53DE7,1728464638913,2024-10-09T12:03:58.913,30.93000000000,0.99782354000,-0.06464153500,0.01276989600,0.00256163250
etaWear,FEAC84C53DE7,1728464638923,2024-10-09T12:03:58.923,30.94000000000,0.99782354000,-0.06464153500,0.01276989600,0.00256163250
etaWear,FEAC84C53DE7,1728464638933,2024-10-09T12:03:58.933,30.95000000000,0.99782354000,-0.06464153500,0.01276989600,0.00256163250
etaWear,FEAC84C53DE7,1728464638943,2024-10-09T12:03:58.943,30.96000000000,0.99782354000,-0.06464153500,0.01276989600,0.00256163250
etaWear,FEAC84C53DE7,1728464638953,2024-10-09T12:03:58.953,30.97000000000,0.99782354000,-0.06464153500,0.01276989600,0.00256163250
etaWear,FEAC84C53DE7,1728464638963,2024-10-09T12:03:58.963,30.98000000000,0.99782354000,-0.06464153500,0.01276989600,0.00256163250
etaWear,FEAC84C53DE7,1728464638983,2024-10-09T12:03:58.983,31.00000000000,0.99782354000,-0.06464153500,0.01276989600,0.00256163250
etaWear,FEAC84C53DE7,1728464638993,2024-10-09T12:03:58.993,31.01000000000,0.99782354000,-0.06464153500,0.01276989600,0.00256163250
etaWear,FEAC84C53DE7,1728464639003,2024-10-09T12:03:59.003,31.02000000000,0.99782354000,-0.06464153500,0.01276989600,0.00256163250
etaWear,FEAC84C53DE7,1728464639013,2024-10-09T12:03:59.013,31.03000000000,0.99782354000,-0.06464153500,0.01276989600,0.00256163250
etaWear,FEAC84C53DE7,1728464639023,2024-10-09T12:03:59.023,31.04000000000,0.99782354000,-0.06464153500,0.01276989600,0.00256163250
etaWear,FEAC84C53DE7,1728464639033,2024-10-09T12:03:59.033,31.05000000000,0.99782354000,-0.06464153500,0.01276989600,0.00256163250
etaWear,FEAC84C53DE7,1728464639063,2024-10-09T12:03:59.063,31.08000000000,0.99782354000,-0.06464153500,0.01276989600,0.00256163250
etaWear,FEAC84C53DE7,1728464639073,2024-10-09T12:03:59.073,31.09000000000,0.99782354000,-0.06464153500,0.01276989600,0.00256163250
etaWear,FEAC84C53DE7,1728464639083,2024-10-09T12:03:59.083,31.10000000000,0.99782354000,-0.06464153500,0.01276989600,0.00256163250
etaWear,FEAC84C53DE7,1728464639093,2024-10-09T12:03:59.093,31.11000000000,0.99782354000,-0.06464153500,0.01276989600,0.00256163250
etaWear,FEAC84C53DE7,1728464639103,2024-10-09T12:03:59.103,31.12000000000,0.99782354000,-0.06464153500,0.01276989600,0.00256163250
etaWear,FEAC84C53DE7,1728464639113,2024-10-09T12:03:59.113,31.13000000000,0.99782354000,-0.06464153500,0.01276989600,0.00256163250
etaWear,FEAC84C53DE7,1728464639123,2024-10-09T12:03:59.123,31.14000000000,0.99782354000,-0.06464153500,0.01276989600,0.00256163250
etaWear,FEAC84C53DE7,1728464639143,2024-10-09T12:03:59.143,31.16000000000,0.99782354000,-0.06464153500,0.01276989600,0.00256163250
etaWear,FEAC84C53DE7,1728464639203,2024-10-09T12:03:59.203,31.22000000000,0.99782354000,-0.06464153500,0.01276989600,0.00256163250
etaWear,FEAC84C53DE7,1728464639223,2024-10-09T12:03:59.223,31.24000000000,0.99782354000,-0.06464153500,0.01276989600,0.00256163250
etaWear,FEAC84C53DE7,1728464639233,2024-10-09T12:03:59.233,31.25000000000,0.99782354000,-0.06464153500,0.01276989600,0.00256163250
etaWear,FEAC84C53DE7,1728464639243,2024-10-09T12:03:59.243,31.26000000000,0.99782354000,-0.06464153500,0.01276989600,0.00256163250
etaWear,FEAC84C53DE7,1728464639263,2024-10-09T12:03:59.263,31.28000000000,0.99782354000,-0.06464153500,0.01276989600,0.00256163250
etaWear,FEAC84C53DE7,1728464639273,2024-10-09T12:03:59.273,31.29000000000,0.99782354000,-0.06464153500,0.01276989600,0.00256163250
etaWear,FEAC84C53DE7,1728464639283,2024-10-09T12:03:59.283,31.30000000000,0.99782354000,-0.06464153500,0.01276989600,0.00256163250
etaWear,FEAC84C53DE7,1728464639303,2024-10-09T12:03:59.303,31.32000000000,0.99782354000,-0.06464153500,0.01276989600,0.00256163250
etaWear,FEAC84C53DE7,1728464639313,2024-10-09T12:03:59.313,31.33000000000,0.99782354000,-0.06464153500,0.01276989600,0.00256163250
etaWear,FEAC84C53DE7,1728464639323,2024-10-09T12:03:59.323,31.34000000000,0.99782354000,-0.06464153500,0.01276989600,0.00256163250
etaWear,FEAC84C53DE7,1728464639333,2024-10-09T12:03:59.333,31.35000000000,0.99782354000,-0.06464153500,0.01276989600,0.00256163250
etaWear,FEAC84C53DE7,1728464639343,2024-10-09T12:03:59.343,31.36000000000,0.99782354000,-0.06464153500,0.01276989600,0.00256163250
etaWear,FEAC84C53DE7,1728464639353,2024-10-09T12:03:59.353,31.37000000000,0.99782354000,-0.06464153500,0.01276989600,0.00256163250
etaWear,FEAC84C53DE7,1728464639363,2024-10-09T12:03:59.363,31.38000000000,0.99782354000,-0.06464153500,0.01276989600,0.00256163250
etaWear,FEAC84C53DE7,1728464639383,2024-10-09T12:03:59.383,31.40000000000,0.99782354000,-0.06464153500,0.01276989600,0.00256163250
etaWear,FEAC84C53DE7,1728464639393,2024-10-09T12:03:59.393,31.41000000000,0.99782354000,-0.06464153500,0.01276989600,0.00256163250
etaWear,FEAC84C53DE7,1728464639403,2024-10-09T12:03:59.403,31.42000000000,0.99782354000,-0.06464153500,0.01276989600,0.00256163250
etaWear,FEAC84C53DE7,1728464639413,2024-10-09T12:03:59.413,31.43000000000,0.99782354000,-0.06464153500,0.01276989600,0.00256163250
etaWear,FEAC84C53DE7,1728464639423,2024-10-09T12:03:59.423,31.44000000000,0.99782354000,-0.06464153500,0.01276989600,0.00256163250
etaWear,FEAC84C53DE7,1728464639433,2024-10-09T12:03:59.433,31.45000000000,0.99782354000,-0.06464153500,0.01276989600,0.00256163250
etaWear,FEAC84C53DE7,1728464639443,2024-10-09T12:03:59.443,31.46000000000,0.99782354000,-0.06464153500,0.01276989600,0.00256163250
etaWear,FEAC84C53DE7,1728464639463,2024-10-09T12:03:59.463,31.48000000000,0.99782354000,-0.06464153500,0.01276989600,0.00256163250
etaWear,FEAC84C53DE7,1728464639473,2024-10-09T12:03:59.473,31.49000000000,0.99782354000,-0.06464153500,0.01276989600,0.00256163250
etaWear,FEAC84C53DE7,1728464639483,2024-10-09T12:03:59.483,31.50000000000,0.99782354000,-0.06464153500,0.01276989600,0.00256163250
etaWear,FEAC84C53DE7,1728464639493,2024-10-09T12:03:59.493,31.51000000000,0.99782354000,-0.06464153500,0.01276989600,0.00256163250
MetaWear,FEAC84C53DE7,1728464639503,2024-10-09T12:03:59.503,31.52000000000,0.99782354000,-0.06464153500,0.01276989600,0.00256163250
etaWear,FEAC84C53DE7,1728464639513,2024-10-09T12:03:59.513,31.53000000000,0.99782354000,-0.06464153500,0.01276989600,0.00256163250
etaWear,FEAC84C53DE7,1728464639523,2024-10-09T12:03:59.523,31.54000000000,0.99782354000,-0.06464153500,0.01276989600,0.00256163250
etaWear,FEAC84C53DE7,1728464639543,2024-10-09T12:03:59.543,31.56000000000,0.99775250000,-0.06572764000,0.01276710000,0.00257553110
etaWear,FEAC84C53DE7,1728464639553,2024-10-09T12:03:59.553,31.57000000000,0.99783560000,-0.06455105000,0.01227015700,0.00259342650
etaWear,FEAC84C53DE7,1728464639563,2024-10-09T12:03:59.563,31.58000000000,0.99785906000,-0.06421969000,0.01210297000,0.00260022840
etaWear,FEAC84C53DE7,1728464639573,2024-10-09T12:03:59.573,31.59000000000,0.99781150000,-0.06485724400,0.01262285600,0.00251638630
etaWear,FEAC84C53DE7,1728464639583,2024-10-09T12:03:59.583,31.60000000000,0.99780480000,-0.06491557500,0.01285382900,0.00250209430
etaWear,FEAC84C53DE7,1728464639593,2024-10-09T12:03:59.593,31.61000000000,0.99776596000,-0.06549308400,0.01293488100,0.00250416320
etaWear,FEAC84C53DE7,1728464639603,2024-10-09T12:03:59.603,31.62000000000,0.99780923000,-0.06485723000,0.01279995000,0.00250488540
etaWear,FEAC84C53DE7,1728464639613,2024-10-09T12:03:59.613,31.63000000000,0.99783844000,-0.06446260000,0.01252260200,0.00251792400
etaWear,FEAC84C53DE7,1728464639633,2024-10-09T12:03:59.633,31.65000000000,0.99783040000,-0.06460934000,0.01240147600,0.00252753680
etaWear,FEAC84C53DE7,1728464639643,2024-10-09T12:03:59.643,31.66000000000,0.99782920000,-0.06460958000,0.01249604100,0.00252141360
etaWear,FEAC84C53DE7,1728464639653,2024-10-09T12:03:59.653,31.67000000000,0.99782160000,-0.06470775000,0.01259376300,0.00251629650
etaWear,FEAC84C53DE7,1728464639663,2024-10-09T12:03:59.663,31.68000000000,0.99782160000,-0.06470775000,0.01259376300,0.00251629650
etaWear,FEAC84C53DE7,1728464639673,2024-10-09T12:03:59.673,31.69000000000,0.99782230000,-0.06470761400,0.01254126700,0.00251970070
etaWear,FEAC84C53DE7,1728464639683,2024-10-09T12:03:59.683,31.70000000000,0.99782850000,-0.06463377000,0.01242593000,0.00252626770
etaWear,FEAC84C53DE7,1728464639693,2024-10-09T12:03:59.693,31.71000000000,0.99782850000,-0.06463377000,0.01242593000,0.00252626770
etaWear,FEAC84C53DE7,1728464639713,2024-10-09T12:03:59.713,31.73000000000,0.99782850000,-0.06463377000,0.01242593000,0.00252626770
etaWear,FEAC84C53DE7,1728464639723,2024-10-09T12:03:59.723,31.74000000000,0.99782850000,-0.06463377000,0.01242593000,0.00252626770
etaWear,FEAC84C53DE7,1728464639733,2024-10-09T12:03:59.733,31.75000000000,0.99782850000,-0.06463377000,0.01242593000,0.00252626770
etaWear,FEAC84C53DE7,1728464639743,2024-10-09T12:03:59.743,31.76000000000,0.99782944000,-0.06463357000,0.01234717300,0.00253136920
etaWear,FEAC84C53DE7,1728464639753,2024-10-09T12:03:59.753,31.77000000000,0.99783075000,-0.06463330000,0.01224215400,0.00253817180
etaWear,FEAC84C53DE7,1728464639763,2024-10-09T12:03:59.763,31.78000000000,0.99783180000,-0.06463308000,0.01215454500,0.00254384660
etaWear,FEAC84C53DE7,1728464639773,2024-10-09T12:03:59.773,31.79000000000,0.99782836000,-0.06468621000,0.01215441000,0.00254449360
etaWear,FEAC84C53DE7,1728464639793,2024-10-09T12:03:59.793,31.81000000000,0.99782300000,-0.06476866500,0.01215419900,0.00254549800
etaWear,FEAC84C53DE7,1728464639803,2024-10-09T12:03:59.803,31.82000000000,0.99782300000,-0.06476866500,0.01215419900,0.00254549800
etaWear,FEAC84C53DE7,1728464639813,2024-10-09T12:03:59.813,31.83000000000,0.99782300000,-0.06476866500,0.01215419900,0.00254549800
etaWear,FEAC84C53DE7,1728464639823,2024-10-09T12:03:59.823,31.84000000000,0.99782300000,-0.06476866500,0.01215419900,0.00254549800
etaWear,FEAC84C53DE7,1728464639833,2024-10-09T12:03:59.833,31.85000000000,0.99782300000,-0.06476866500,0.01215419900,0.00254549800
etaWear,FEAC84C53DE7,1728464639973,2024-10-09T12:03:59.973,31.99000000000,0.99782366000,-0.06476853000,0.01210267500,0.00254884250
etaWear,FEAC84C53DE7,1728464639983,2024-10-09T12:03:59.983,32.00000000000,0.99782366000,-0.06476853000,0.01210267500,0.00254884250
etaWear,FEAC84C53DE7,1728464639993,2024-10-09T12:03:59.993,32.01000000000,0.99782366000,-0.06476853000,0.01210267500,0.00254884250
etaWear,FEAC84C53DE7,1728464640003,2024-10-09T12:04:00.003,32.02000000000,0.99782366000,-0.06476853000,0.01210267500,0.00254884250
etaWear,FEAC84C53DE7,1728464640013,2024-10-09T12:04:00.013,32.03000000000,0.99782366000,-0.06476853000,0.01210267500,0.00254884250
etaWear,FEAC84C53DE7,1728464640033,2024-10-09T12:04:00.033,32.05000000000,0.99782366000,-0.06476853000,0.01210267500,0.00254884250
etaWear,FEAC84C53DE7,1728464640043,2024-10-09T12:04:00.043,32.06000000000,0.99782366000,-0.06476853000,0.01210267500,0.00254884250
etaWear,FEAC84C53DE7,1728464640053,2024-10-09T12:04:00.053,32.07000000000,0.99782366000,-0.06476853000,0.01210267500,0.00254884250
etaWear,FEAC84C53DE7,1728464640063,2024-10-09T12:04:00.063,32.08000000000,0.99782430000,-0.06476840000,0.01205017800,0.00255225000
etaWear,FEAC84C53DE7,1728464640073,2024-10-09T12:04:00.073,32.09000000000,0.99782430000,-0.06476840000,0.01205017800,0.00255225000
etaWear,FEAC84C53DE7,1728464640083,2024-10-09T12:04:00.083,32.10000000000,0.99782430000,-0.06476840000,0.01205017800,0.00255225000
etaWear,FEAC84C53DE7,1728464640093,2024-10-09T12:04:00.093,32.11000000000,0.99782430000,-0.06476840000,0.01205017800,0.00255225000
etaWear,FEAC84C53DE7,1728464640113,2024-10-09T12:04:00.113,32.13000000000,0.99782430000,-0.06476840000,0.01205017800,0.00255225000
etaWear,FEAC84C53DE7,1728464640133,2024-10-09T12:04:00.133,32.15000000000,0.99782430000,-0.06476840000,0.01205017800,0.00255225000
etaWear,FEAC84C53DE7,1728464640143,2024-10-09T12:04:00.143,32.16000000000,0.99782430000,-0.06476840000,0.01205017800,0.00255225000
etaWear,FEAC84C53DE7,1728464640153,2024-10-09T12:04:00.153,32.17000000000,0.99782430000,-0.06476840000,0.01205017800,0.00255225000
etaWear,FEAC84C53DE7,1728464640163,2024-10-09T12:04:00.163,32.18000000000,0.99782430000,-0.06476840000,0.01205017800,0.00255225000
etaWear,FEAC84C53DE7,1728464640173,2024-10-09T12:04:00.173,32.19000000000,0.99782430000,-0.06476840000,0.01205017800,0.00255225000
etaWear,FEAC84C53DE7,1728464640193,2024-10-09T12:04:00.193,32.21000000000,0.99782430000,-0.06476840000,0.01205017800,0.00255225000
etaWear,FEAC84C53DE7,1728464640203,2024-10-09T12:04:00.203,32.22000000000,0.99782430000,-0.06476840000,0.01205017800,0.00255225000
etaWear,FEAC84C53DE7,1728464640213,2024-10-09T12:04:00.213,32.23000000000,0.99782430000,-0.06476840000,0.01205017800,0.00255225000
etaWear,FEAC84C53DE7,1728464640223,2024-10-09T12:04:00.223,32.24000000000,0.99782430000,-0.06476840000,0.01205017800,0.00255225000
etaWear,FEAC84C53DE7,1728464640233,2024-10-09T12:04:00.233,32.25000000000,0.99782430000,-0.06476840000,0.01205017800,0.00255225000
etaWear,FEAC84C53DE7,1728464640293,2024-10-09T12:04:00.293,32.31000000000,0.99782430000,-0.06476840000,0.01205017800,0.00255225000
etaWear,FEAC84C53DE7,1728464640303,2024-10-09T12:04:00.303,32.32000000000,0.99782430000,-0.06476840000,0.01205017800,0.00255225000
etaWear,FEAC84C53DE7,1728464640313,2024-10-09T12:04:00.313,32.33000000000,0.99782430000,-0.06476840000,0.01205017800,0.00255225000
etaWear,FEAC84C53DE7,1728464640323,2024-10-09T12:04:00.323,32.34000000000,0.99782430000,-0.06476840000,0.01205017800,0.00255225000
etaWear,FEAC84C53DE7,1728464640333,2024-10-09T12:04:00.333,32.35000000000,0.99782430000,-0.06476840000,0.01205017800,0.00255225000
etaWear,FEAC84C53DE7,1728464640353,2024-10-09T12:04:00.353,32.37000000000,0.99782430000,-0.06476840000,0.01205017800,0.00255225000
etaWear,FEAC84C53DE7,1728464640363,2024-10-09T12:04:00.363,32.38000000000,0.99782430000,-0.06476840000,0.01205017800,0.00255225000
etaWear,FEAC84C53DE7,1728464640373,2024-10-09T12:04:00.373,32.39000000000,0.99782430000,-0.06476840000,0.01205017800,0.00255225000
etaWear,FEAC84C53DE7,1728464640383,2024-10-09T12:04:00.383,32.40000000000,0.99782430000,-0.06476840000,0.01205017800,0.00255225000
etaWear,FEAC84C53DE7,1728464640393,2024-10-09T12:04:00.393,32.41000000000,0.99782430000,-0.06476840000,0.01205017800,0.00255225000
etaWear,FEAC84C53DE7,1728464640403,2024-10-09T12:04:00.403,32.42000000000,0.99782430000,-0.06476840000,0.01205017800,0.00255225000
etaWear,FEAC84C53DE7,1728464640413,2024-10-09T12:04:00.413,32.43000000000,0.99782430000,-0.06476840000,0.01205017800,0.00255225000
etaWear,FEAC84C53DE7,1728464640433,2024-10-09T12:04:00.433,32.45000000000,0.99782430000,-0.06476840000,0.01205017800,0.00255225000
etaWear,FEAC84C53DE7,1728464640443,2024-10-09T12:04:00.443,32.46000000000,0.99782430000,-0.06476840000,0.01205017800,0.00255225000
etaWear,FEAC84C53DE7,1728464640453,2024-10-09T12:04:00.453,32.47000000000,0.99782430000,-0.06476840000,0.01205017800,0.00255225000
etaWear,FEAC84C53DE7,1728464640463,2024-10-09T12:04:00.463,32.48000000000,0.99782430000,-0.06476840000,0.01205017800,0.00255225000
etaWear,FEAC84C53DE7,1728464640473,2024-10-09T12:04:00.473,32.49000000000,0.99782430000,-0.06476840000,0.01205017800,0.00255225000
etaWear,FEAC84C53DE7,1728464640483,2024-10-09T12:04:00.483,32.50000000000,0.99782430000,-0.06476840000,0.01205017800,0.00255225000
etaWear,FEAC84C53DE7,1728464640493,2024-10-09T12:04:00.493,32.51000000000,0.99782430000,-0.06476840000,0.01205017800,0.00255225000
etaWear,FEAC84C53DE7,1728464640513,2024-10-09T12:04:00.513,32.53000000000,0.99782430000,-0.06476840000,0.01205017800,0.00255225000
etaWear,FEAC84C53DE7,1728464640523,2024-10-09T12:04:00.523,32.54000000000,0.99782430000,-0.06476840000,0.01205017800,0.00255225000
etaWear,FEAC84C53DE7,1728464640533,2024-10-09T12:04:00.533,32.55000000000,0.99782430000,-0.06476840000,0.01205017800,0.00255225000
etaWear,FEAC84C53DE7,1728464640543,2024-10-09T12:04:00.543,32.56000000000,0.99782430000,-0.06476840000,0.01205017800,0.00255225000
etaWear,FEAC84C53DE7,1728464640563,2024-10-09T12:04:00.563,32.58000000000,0.99782430000,-0.06476840000,0.01205017800,0.00255225000
etaWear,FEAC84C53DE7,1728464640703,2024-10-09T12:04:00.703,32.72000000000,0.99782430000,-0.06476840000,0.01205017800,0.00255225000
etaWear,FEAC84C53DE7,1728464640713,2024-10-09T12:04:00.713,32.73000000000,0.99782430000,-0.06476840000,0.01205017800,0.00255225000
etaWear,FEAC84C53DE7,1728464640723,2024-10-09T12:04:00.723,32.74000000000,0.99782430000,-0.06476840000,0.01205017800,0.00255225000
etaWear,FEAC84C53DE7,1728464640733,2024-10-09T12:04:00.733,32.75000000000,0.99782430000,-0.06476840000,0.01205017800,0.00255225000
etaWear,FEAC84C53DE7,1728464640753,2024-10-09T12:04:00.753,32.77000000000,0.99782430000,-0.06476840000,0.01205017800,0.00255225000
etaWear,FEAC84C53DE7,1728464640763,2024-10-09T12:04:00.763,32.78000000000,0.99782430000,-0.06476840000,0.01205017800,0.00255225000
etaWear,FEAC84C53DE7,1728464640773,2024-10-09T12:04:00.773,32.79000000000,0.99782430000,-0.06476840000,0.01205017800,0.00255225000
etaWear,FEAC84C53DE7,1728464640783,2024-10-09T12:04:00.783,32.80000000000,0.99782430000,-0.06476840000,0.01205017800,0.00255225000
etaWear,FEAC84C53DE7,1728464640793,2024-10-09T12:04:00.793,32.81000000000,0.99782430000,-0.06476840000,0.01205017800,0.00255225000
etaWear,FEAC84C53DE7,1728464640803,2024-10-09T12:04:00.803,32.82000000000,0.99782430000,-0.06476840000,0.01205017800,0.00255225000
etaWear,FEAC84C53DE7,1728464640813,2024-10-09T12:04:00.813,32.83000000000,0.99782430000,-0.06476840000,0.01205017800,0.00255225000
etaWear,FEAC84C53DE7,1728464640833,2024-10-09T12:04:00.833,32.85000000000,0.99782430000,-0.06476840000,0.01205017800,0.00255225000
etaWear,FEAC84C53DE7,1728464640843,2024-10-09T12:04:00.843,32.86000000000,0.99782430000,-0.06476840000,0.01205017800,0.00255225000
etaWear,FEAC84C53DE7,1728464640853,2024-10-09T12:04:00.853,32.87000000000,0.99782430000,-0.06476840000,0.01205017800,0.00255225000
etaWear,FEAC84C53DE7,1728464640863,2024-10-09T12:04:00.863,32.88000000000,0.99782430000,-0.06476840000,0.01205017800,0.00255225000
etaWear,FEAC84C53DE7,1728464640873,2024-10-09T12:04:00.873,32.89000000000,0.99782430000,-0.06476840000,0.01205017800,0.00255225000
etaWear,FEAC84C53DE7,1728464640883,2024-10-09T12:04:00.883,32.90000000000,0.99782430000,-0.06476840000,0.01205017800,0.00255225000
etaWear,FEAC84C53DE7,1728464640893,2024-10-09T12:04:00.893,32.91000000000,0.99782430000,-0.06476840000,0.01205017800,0.00255225000
etaWear,FEAC84C53DE7,1728464640903,2024-10-09T12:04:00.903,32.92000000000,0.99782430000,-0.06476840000,0.01205017800,0.00255225000
etaWear,FEAC84C53DE7,1728464640923,2024-10-09T12:04:00.923,32.94000000000,0.99782430000,-0.06476840000,0.01205017800,0.00255225000
etaWear,FEAC84C53DE7,1728464640933,2024-10-09T12:04:00.933,32.95000000000,0.99782430000,-0.06476840000,0.01205017800,0.00255225000
etaWear,FEAC84C53DE7,1728464641113,2024-10-09T12:04:01.113,33.13000000000,0.99782430000,-0.06476840000,0.01205017800,0.00255225000
etaWear,FEAC84C53DE7,1728464641123,2024-10-09T12:04:01.123,33.14000000000,0.99782430000,-0.06476840000,0.01205017800,0.00255225000
etaWear,FEAC84C53DE7,1728464641133,2024-10-09T12:04:01.133,33.15000000000,0.99782430000,-0.06476840000,0.01205017800,0.00255225000
etaWear,FEAC84C53DE7,1728464641143,2024-10-09T12:04:01.143,33.16000000000,0.99782430000,-0.06476840000,0.01205017800,0.00255225000
etaWear,FEAC84C53DE7,1728464641163,2024-10-09T12:04:01.163,33.18000000000,0.99782430000,-0.06476840000,0.01205017800,0.00255225000
etaWear,FEAC84C53DE7,1728464641173,2024-10-09T12:04:01.173,33.19000000000,0.99782430000,-0.06476840000,0.01205017800,0.00255225000
etaWear,FEAC84C53DE7,1728464641183,2024-10-09T12:04:01.183,33.20000000000,0.99782430000,-0.06476840000,0.01205017800,0.00255225000
etaWear,FEAC84C53DE7,1728464641193,2024-10-09T12:04:01.193,33.21000000000,0.99782430000,-0.06476840000,0.01205017800,0.00255225000
etaWear,FEAC84C53DE7,1728464641203,2024-10-09T12:04:01.203,33.22000000000,0.99782430000,-0.06476840000,0.01205017800,0.00255225000
etaWear,FEAC84C53DE7,1728464641213,2024-10-09T12:04:01.213,33.23000000000,0.99782430000,-0.06476840000,0.01205017800,0.00255225000
etaWear,FEAC84C53DE7,1728464641223,2024-10-09T12:04:01.223,33.24000000000,0.99782430000,-0.06476840000,0.01205017800,0.00255225000
etaWear,FEAC84C53DE7,1728464641243,2024-10-09T12:04:01.243,33.26000000000,0.99782430000,-0.06476840000,0.01205017800,0.00255225000
etaWear,FEAC84C53DE7,1728464641253,2024-10-09T12:04:01.253,33.27000000000,0.99782430000,-0.06476840000,0.01205017800,0.00255225000
etaWear,FEAC84C53DE7,1728464641263,2024-10-09T12:04:01.263,33.28000000000,0.99782430000,-0.06476840000,0.01205017800,0.00255225000
etaWear,FEAC84C53DE7,1728464641273,2024-10-09T12:04:01.273,33.29000000000,0.99782430000,-0.06476840000,0.01205017800,0.00255225000
etaWear,FEAC84C53DE7,1728464641283,2024-10-09T12:04:01.283,33.30000000000,0.99782430000,-0.06476840000,0.01205017800,0.00255225000
etaWear,FEAC84C53DE7,1728464641293,2024-10-09T12:04:01.293,33.31000000000,0.99782430000,-0.06476840000,0.01205017800,0.00255225000
etaWear,FEAC84C53DE7,1728464641303,2024-10-09T12:04:01.303,33.32000000000,0.99782430000,-0.06476840000,0.01205017800,0.00255225000
etaWear,FEAC84C53DE7,1728464641323,2024-10-09T12:04:01.323,33.34000000000,0.99782430000,-0.06476840000,0.01205017800,0.00255225000
etaWear,FEAC84C53DE7,1728464641333,2024-10-09T12:04:01.333,33.35000000000,0.99782430000,-0.06476840000,0.01205017800,0.00255225000
etaWear,FEAC84C53DE7,1728464641343,2024-10-09T12:04:01.343,33.36000000000,0.99782430000,-0.06476840000,0.01205017800,0.00255225000
etaWear,FEAC84C53DE7,1728464641353,2024-10-09T12:04:01.353,33.37000000000,0.99782430000,-0.06476840000,0.01205017800,0.00255225000
etaWear,FEAC84C53DE7,1728464641413,2024-10-09T12:04:01.413,33.43000000000,0.99782430000,-0.06476840000,0.01205017800,0.00255225000
etaWear,FEAC84C53DE7,1728464641423,2024-10-09T12:04:01.423,33.44000000000,0.99782430000,-0.06476840000,0.01205017800,0.00255225000
etaWear,FEAC84C53DE7,1728464641433,2024-10-09T12:04:01.433,33.45000000000,0.99782430000,-0.06476840000,0.01205017800,0.00255225000
etaWear,FEAC84C53DE7,1728464641443,2024-10-09T12:04:01.443,33.46000000000,0.99782430000,-0.06476840000,0.01205017800,0.00255225000
etaWear,FEAC84C53DE7,1728464641453,2024-10-09T12:04:01.453,33.47000000000,0.99782430000,-0.06476840000,0.01205017800,0.00255225000
etaWear,FEAC84C53DE7,1728464641463,2024-10-09T12:04:01.463,33.48000000000,0.99782430000,-0.06476840000,0.01205017800,0.00255225000
etaWear,FEAC84C53DE7,1728464641483,2024-10-09T12:04:01.483,33.50000000000,0.99782430000,-0.06476840000,0.01205017800,0.00255225000
etaWear,FEAC84C53DE7,1728464641493,2024-10-09T12:04:01.493,33.51000000000,0.99782430000,-0.06476840000,0.01205017800,0.00255225000
etaWear,FEAC84C53DE7,1728464641503,2024-10-09T12:04:01.503,33.52000000000,0.99782430000,-0.06476840000,0.01205017800,0.00255225000
etaWear,FEAC84C53DE7,1728464641513,2024-10-09T12:04:01.513,33.53000000000,0.99782430000,-0.06476840000,0.01205017800,0.00255225000
etaWear,FEAC84C53DE7,1728464641523,2024-10-09T12:04:01.523,33.54000000000,0.99782430000,-0.06476840000,0.01205017800,0.00255225000
etaWear,FEAC84C53DE7,1728464641543,2024-10-09T12:04:01.543,33.56000000000,0.99782430000,-0.06476840000,0.01205017800,0.00255225000
etaWear,FEAC84C53DE7,1728464641563,2024-10-09T12:04:01.563,33.58000000000,0.99782430000,-0.06476840000,0.01205017800,0.00255225000
etaWear,FEAC84C53DE7,1728464641573,2024-10-09T12:04:01.573,33.59000000000,0.99782430000,-0.06476840000,0.01205017800,0.00255225000
etaWear,FEAC84C53DE7,1728464641583,2024-10-09T12:04:01.583,33.60000000000,0.99782430000,-0.06476840000,0.01205017800,0.00255225000
etaWear,FEAC84C53DE7,1728464641593,2024-10-09T12:04:01.593,33.61000000000,0.99782430000,-0.06476840000,0.01205017800,0.00255225000
etaWear,FEAC84C53DE7,1728464641603,2024-10-09T12:04:01.603,33.62000000000,0.99782430000,-0.06476840000,0.01205017800,0.00255225000
etaWear,FEAC84C53DE7,1728464641613,2024-10-09T12:04:01.613,33.63000000000,0.99782430000,-0.06476840000,0.01205017800,0.00255225000
etaWear,FEAC84C53DE7,1728464641623,2024-10-09T12:04:01.623,33.64000000000,0.99782430000,-0.06476840000,0.01205017800,0.00255225000
etaWear,FEAC84C53DE7,1728464641643,2024-10-09T12:04:01.643,33.66000000000,0.99782430000,-0.06476840000,0.01205017800,0.00255225000
etaWear,FEAC84C53DE7,1728464641653,2024-10-09T12:04:01.653,33.67000000000,0.99782430000,-0.06476840000,0.01205017800,0.00255225000
etaWear,FEAC84C53DE7,1728464641663,2024-10-09T12:04:01.663,33.68000000000,0.99782430000,-0.06476840000,0.01205017800,0.00255225000
etaWear,FEAC84C53DE7,1728464641673,2024-10-09T12:04:01.673,33.69000000000,0.99782430000,-0.06476840000,0.01205017800,0.00255225000
etaWear,FEAC84C53DE7,1728464641803,2024-10-09T12:04:01.803,33.82000000000,0.99782430000,-0.06476840000,0.01205017800,0.00255225000
etaWear,FEAC84C53DE7,1728464641813,2024-10-09T12:04:01.813,33.83000000000,0.99782430000,-0.06476840000,0.01205017800,0.00255225000
etaWear,FEAC84C53DE7,1728464641823,2024-10-09T12:04:01.823,33.84000000000,0.99782430000,-0.06476840000,0.01205017800,0.00255225000
etaWear,FEAC84C53DE7,1728464641833,2024-10-09T12:04:01.833,33.85000000000,0.99782430000,-0.06476840000,0.01205017800,0.00255225000
etaWear,FEAC84C53DE7,1728464641843,2024-10-09T12:04:01.843,33.86000000000,0.99782430000,-0.06476840000,0.01205017800,0.00255225000
etaWear,FEAC84C53DE7,1728464641853,2024-10-09T12:04:01.853,33.87000000000,0.99782430000,-0.06476840000,0.01205017800,0.00255225000
etaWear,FEAC84C53DE7,1728464641863,2024-10-09T12:04:01.863,33.88000000000,0.99782430000,-0.06476840000,0.01205017800,0.00255225000
etaWear,FEAC84C53DE7,1728464641883,2024-10-09T12:04:01.883,33.90000000000,0.99782430000,-0.06476840000,0.01205017800,0.00255225000
etaWear,FEAC84C53DE7,1728464641893,2024-10-09T12:04:01.893,33.91000000000,0.99782430000,-0.06476840000,0.01205017800,0.00255225000
etaWear,FEAC84C53DE7,1728464641903,2024-10-09T12:04:01.903,33.92000000000,0.99782430000,-0.06476840000,0.01205017800,0.00255225000
etaWear,FEAC84C53DE7,1728464641913,2024-10-09T12:04:01.913,33.93000000000,0.99782430000,-0.06476840000,0.01205017800,0.00255225000
etaWear,FEAC84C53DE7,1728464641933,2024-10-09T12:04:01.933,33.95000000000,0.99782430000,-0.06476840000,0.01205017800,0.00255225000
etaWear,FEAC84C53DE7,1728464641943,2024-10-09T12:04:01.943,33.96000000000,0.99782430000,-0.06476840000,0.01205017800,0.00255225000
etaWear,FEAC84C53DE7,1728464641963,2024-10-09T12:04:01.963,33.98000000000,0.99782430000,-0.06476840000,0.01205017800,0.00255225000
etaWear,FEAC84C53DE7,1728464641973,2024-10-09T12:04:01.973,33.99000000000,0.99782430000,-0.06476840000,0.01205017800,0.00255225000
etaWear,FEAC84C53DE7,1728464641983,2024-10-09T12:04:01.983,34.00000000000,0.99782430000,-0.06476840000,0.01205017800,0.00255225000
etaWear,FEAC84C53DE7,1728464641993,2024-10-09T12:04:01.993,34.01000000000,0.99782430000,-0.06476840000,0.01205017800,0.00255225000
etaWear,FEAC84C53DE7,1728464642003,2024-10-09T12:04:02.003,34.02000000000,0.99782430000,-0.06476840000,0.01205017800,0.00255225000
etaWear,FEAC84C53DE7,1728464642013,2024-10-09T12:04:02.013,34.03000000000,0.99782430000,-0.06476840000,0.01205017800,0.00255225000
etaWear,FEAC84C53DE7,1728464642023,2024-10-09T12:04:02.023,34.04000000000,0.99782430000,-0.06476840000,0.01205017800,0.00255225000
etaWear,FEAC84C53DE7,1728464642043,2024-10-09T12:04:02.043,34.06000000000,0.99782430000,-0.06476840000,0.01205017800,0.00255225000
etaWear,FEAC84C53DE7,1728464642053,2024-10-09T12:04:02.053,34.07000000000,0.99782430000,-0.06476840000,0.01205017800,0.00255225000
etaWear,FEAC84C53DE7,1728464642233,2024-10-09T12:04:02.233,34.25000000000,0.99782430000,-0.06476840000,0.01205017800,0.00255225000
etaWear,FEAC84C53DE7,1728464642243,2024-10-09T12:04:02.243,34.26000000000,0.99782430000,-0.06476840000,0.01205017800,0.00255225000
etaWear,FEAC84C53DE7,1728464642253,2024-10-09T12:04:02.253,34.27000000000,0.99782430000,-0.06476840000,0.01205017800,0.00255225000
etaWear,FEAC84C53DE7,1728464642263,2024-10-09T12:04:02.263,34.28000000000,0.99782430000,-0.06476840000,0.01205017800,0.00255225000
etaWear,FEAC84C53DE7,1728464642273,2024-10-09T12:04:02.273,34.29000000000,0.99782430000,-0.06476840000,0.01205017800,0.00255225000
etaWear,FEAC84C53DE7,1728464642293,2024-10-09T12:04:02.293,34.31000000000,0.99782430000,-0.06476840000,0.01205017800,0.00255225000
etaWear,FEAC84C53DE7,1728464642303,2024-10-09T12:04:02.303,34.32000000000,0.99782430000,-0.06476840000,0.01205017800,0.00255225000
etaWear,FEAC84C53DE7,1728464642313,2024-10-09T12:04:02.313,34.33000000000,0.99782430000,-0.06476840000,0.01205017800,0.00255225000
etaWear,FEAC84C53DE7,1728464642323,2024-10-09T12:04:02.323,34.34000000000,0.99782430000,-0.06476840000,0.01205017800,0.00255225000
etaWear,FEAC84C53DE7,1728464642333,2024-10-09T12:04:02.333,34.35000000000,0.99782430000,-0.06476840000,0.01205017800,0.00255225000
etaWear,FEAC84C53DE7,1728464642343,2024-10-09T12:04:02.343,34.36000000000,0.99782430000,-0.06476840000,0.01205017800,0.00255225000
etaWear,FEAC84C53DE7,1728464642353,2024-10-09T12:04:02.353,34.37000000000,0.99782430000,-0.06476840000,0.01205017800,0.00255225000
etaWear,FEAC84C53DE7,1728464642373,2024-10-09T12:04:02.373,34.39000000000,0.99782430000,-0.06476840000,0.01205017800,0.00255225000
etaWear,FEAC84C53DE7,1728464642383,2024-10-09T12:04:02.383,34.40000000000,0.99782430000,-0.06476840000,0.01205017800,0.00255225000
etaWear,FEAC84C53DE7,1728464642393,2024-10-09T12:04:02.393,34.41000000000,0.99782430000,-0.06476840000,0.01205017800,0.00255225000
etaWear,FEAC84C53DE7,1728464642403,2024-10-09T12:04:02.403,34.42000000000,0.99782430000,-0.06476840000,0.01205017800,0.00255225000
etaWear,FEAC84C53DE7,1728464642413,2024-10-09T12:04:02.413,34.43000000000,0.99782430000,-0.06476840000,0.01205017800,0.00255225000
etaWear,FEAC84C53DE7,1728464642423,2024-10-09T12:04:02.423,34.44000000000,0.99782430000,-0.06476840000,0.01205017800,0.00255225000
etaWear,FEAC84C53DE7,1728464642433,2024-10-09T12:04:02.433,34.45000000000,0.99782430000,-0.06476840000,0.01205017800,0.00255225000
etaWear,FEAC84C53DE7,1728464642453,2024-10-09T12:04:02.453,34.47000000000,0.99782430000,-0.06476840000,0.01205017800,0.00255225000
etaWear,FEAC84C53DE7,1728464642463,2024-10-09T12:04:02.463,34.48000000000,0.99782430000,-0.06476840000,0.01205017800,0.00255225000
etaWear,FEAC84C53DE7,1728464642473,2024-10-09T12:04:02.473,34.49000000000,0.99782430000,-0.06476840000,0.01205017800,0.00255225000
MetaWear,FEAC84C53DE7,1728464642483,2024-10-09T12:04:02.483,34.50000000000,0.99782430000,-0.06476840000,0.01205017800,0.00255225000
etaWear,FEAC84C53DE7,1728464642493,2024-10-09T12:04:02.493,34.51000000000,0.99782430000,-0.06476840000,0.01205017800,0.00255225000
etaWear,FEAC84C53DE7,1728464642503,2024-10-09T12:04:02.503,34.52000000000,0.99782430000,-0.06476840000,0.01205017800,0.00255225000
etaWear,FEAC84C53DE7,1728464642513,2024-10-09T12:04:02.513,34.53000000000,0.99782430000,-0.06476840000,0.01205017800,0.00255225000
etaWear,FEAC84C53DE7,1728464642533,2024-10-09T12:04:02.533,34.55000000000,0.99782430000,-0.06476840000,0.01205017800,0.00255225000
etaWear,FEAC84C53DE7,1728464642543,2024-10-09T12:04:02.543,34.56000000000,0.99782430000,-0.06476840000,0.01205017800,0.00255225000
etaWear,FEAC84C53DE7,1728464642553,2024-10-09T12:04:02.553,34.57000000000,0.99782430000,-0.06476840000,0.01205017800,0.00255225000
etaWear,FEAC84C53DE7,1728464642563,2024-10-09T12:04:02.563,34.58000000000,0.99782430000,-0.06476840000,0.01205017800,0.00255225000
etaWear,FEAC84C53DE7,1728464642573,2024-10-09T12:04:02.573,34.59000000000,0.99782430000,-0.06476840000,0.01205017800,0.00255225000
etaWear,FEAC84C53DE7,1728464642583,2024-10-09T12:04:02.583,34.60000000000,0.99782430000,-0.06476840000,0.01205017800,0.00255225000
etaWear,FEAC84C53DE7,1728464642593,2024-10-09T12:04:02.593,34.61000000000,0.99782430000,-0.06476840000,0.01205017800,0.00255225000
etaWear,FEAC84C53DE7,1728464642623,2024-10-09T12:04:02.623,34.64000000000,0.99782430000,-0.06476840000,0.01205017800,0.00255225000
etaWear,FEAC84C53DE7,1728464642633,2024-10-09T12:04:02.633,34.65000000000,0.99782430000,-0.06476840000,0.01205017800,0.00255225000
etaWear,FEAC84C53DE7,1728464642643,2024-10-09T12:04:02.643,34.66000000000,0.99782430000,-0.06476840000,0.01205017800,0.00255225000
etaWear,FEAC84C53DE7,1728464642653,2024-10-09T12:04:02.653,34.67000000000,0.99782430000,-0.06476840000,0.01205017800,0.00255225000
etaWear,FEAC84C53DE7,1728464642663,2024-10-09T12:04:02.663,34.68000000000,0.99782430000,-0.06476840000,0.01205017800,0.00255225000
etaWear,FEAC84C53DE7,1728464642673,2024-10-09T12:04:02.673,34.69000000000,0.99782430000,-0.06476840000,0.01205017800,0.00255225000
etaWear,FEAC84C53DE7,1728464642693,2024-10-09T12:04:02.693,34.71000000000,0.99782430000,-0.06476840000,0.01205017800,0.00255225000
etaWear,FEAC84C53DE7,1728464642703,2024-10-09T12:04:02.703,34.72000000000,0.99782430000,-0.06476840000,0.01205017800,0.00255225000
etaWear,FEAC84C53DE7,1728464642713,2024-10-09T12:04:02.713,34.73000000000,0.99782430000,-0.06476840000,0.01205017800,0.00255225000
etaWear,FEAC84C53DE7,1728464642723,2024-10-09T12:04:02.723,34.74000000000,0.99782430000,-0.06476840000,0.01205017800,0.00255225000
etaWear,FEAC84C53DE7,1728464642733,2024-10-09T12:04:02.733,34.75000000000,0.99782430000,-0.06476840000,0.01205017800,0.00255225000
etaWear,FEAC84C53DE7,1728464642743,2024-10-09T12:04:02.743,34.76000000000,0.99782430000,-0.06476840000,0.01205017800,0.00255225000
etaWear,FEAC84C53DE7,1728464642753,2024-10-09T12:04:02.753,34.77000000000,0.99782430000,-0.06476840000,0.01205017800,0.00255225000
etaWear,FEAC84C53DE7,1728464642773,2024-10-09T12:04:02.773,34.79000000000,0.99782430000,-0.06476840000,0.01205017800,0.00255225000
etaWear,FEAC84C53DE7,1728464642873,2024-10-09T12:04:02.873,34.89000000000,0.99782430000,-0.06476840000,0.01205017800,0.00255225000
etaWear,FEAC84C53DE7,1728464642883,2024-10-09T12:04:02.883,34.90000000000,0.99782430000,-0.06476840000,0.01205017800,0.00255225000
etaWear,FEAC84C53DE7,1728464642903,2024-10-09T12:04:02.903,34.92000000000,0.99782430000,-0.06476840000,0.01205017800,0.00255225000
etaWear,FEAC84C53DE7,1728464642913,2024-10-09T12:04:02.913,34.93000000000,0.99782430000,-0.06476840000,0.01205017800,0.00255225000
etaWear,FEAC84C53DE7,1728464642933,2024-10-09T12:04:02.933,34.95000000000,0.99782430000,-0.06476840000,0.01205017800,0.00255225000
etaWear,FEAC84C53DE7,1728464642943,2024-10-09T12:04:02.943,34.96000000000,0.99782430000,-0.06476840000,0.01205017800,0.00255225000
etaWear,FEAC84C53DE7,1728464642953,2024-10-09T12:04:02.953,34.97000000000,0.99782430000,-0.06476840000,0.01205017800,0.00255225000
etaWear,FEAC84C53DE7,1728464642963,2024-10-09T12:04:02.963,34.98000000000,0.99782430000,-0.06476840000,0.01205017800,0.00255225000
etaWear,FEAC84C53DE7,1728464642973,2024-10-09T12:04:02.973,34.99000000000,0.99782430000,-0.06476840000,0.01205017800,0.00255225000
etaWear,FEAC84C53DE7,1728464642983,2024-10-09T12:04:02.983,35.00000000000,0.99782430000,-0.06476840000,0.01205017800,0.00255225000
etaWear,FEAC84C53DE7,1728464642993,2024-10-09T12:04:02.993,35.01000000000,0.99782430000,-0.06476840000,0.01205017800,0.00255225000
etaWear,FEAC84C53DE7,1728464643013,2024-10-09T12:04:03.013,35.03000000000,0.99782430000,-0.06476840000,0.01205017800,0.00255225000
etaWear,FEAC84C53DE7,1728464643023,2024-10-09T12:04:03.023,35.04000000000,0.99782430000,-0.06476840000,0.01205017800,0.00255225000
etaWear,FEAC84C53DE7,1728464643033,2024-10-09T12:04:03.033,35.05000000000,0.99782430000,-0.06476840000,0.01205017800,0.00255225000
etaWear,FEAC84C53DE7,1728464643043,2024-10-09T12:04:03.043,35.06000000000,0.99782430000,-0.06476840000,0.01205017800,0.00255225000
etaWear,FEAC84C53DE7,1728464643063,2024-10-09T12:04:03.063,35.08000000000,0.99782430000,-0.06476840000,0.01205017800,0.00255225000
etaWear,FEAC84C53DE7,1728464643073,2024-10-09T12:04:03.073,35.09000000000,0.99782430000,-0.06476840000,0.01205017800,0.00255225000
etaWear,FEAC84C53DE7,1728464643093,2024-10-09T12:04:03.093,35.11000000000,0.99782430000,-0.06476840000,0.01205017800,0.00255225000
etaWear,FEAC84C53DE7,1728464643103,2024-10-09T12:04:03.103,35.12000000000,0.99782430000,-0.06476840000,0.01205017800,0.00255225000
etaWear,FEAC84C53DE7,1728464643113,2024-10-09T12:04:03.113,35.13000000000,0.99782430000,-0.06476840000,0.01205017800,0.00255225000
etaWear,FEAC84C53DE7,1728464643173,2024-10-09T12:04:03.173,35.19000000000,0.99782430000,-0.06476840000,0.01205017800,0.00255225000
etaWear,FEAC84C53DE7,1728464643183,2024-10-09T12:04:03.183,35.20000000000,0.99782430000,-0.06476840000,0.01205017800,0.00255225000
etaWear,FEAC84C53DE7,1728464643193,2024-10-09T12:04:03.193,35.21000000000,0.99782430000,-0.06476840000,0.01205017800,0.00255225000
etaWear,FEAC84C53DE7,1728464643213,2024-10-09T12:04:03.213,35.23000000000,0.99782430000,-0.06476840000,0.01205017800,0.00255225000
etaWear,FEAC84C53DE7,1728464643233,2024-10-09T12:04:03.233,35.25000000000,0.99782430000,-0.06476840000,0.01205017800,0.00255225000
etaWear,FEAC84C53DE7,1728464643253,2024-10-09T12:04:03.253,35.27000000000,0.99782430000,-0.06476840000,0.01205017800,0.00255225000
etaWear,FEAC84C53DE7,1728464643263,2024-10-09T12:04:03.263,35.28000000000,0.99782430000,-0.06476840000,0.01205017800,0.00255225000
etaWear,FEAC84C53DE7,1728464643273,2024-10-09T12:04:03.273,35.29000000000,0.99782430000,-0.06476840000,0.01205017800,0.00255225000
etaWear,FEAC84C53DE7,1728464643283,2024-10-09T12:04:03.283,35.30000000000,0.99782430000,-0.06476840000,0.01205017800,0.00255225000
etaWear,FEAC84C53DE7,1728464643293,2024-10-09T12:04:03.293,35.31000000000,0.99782430000,-0.06476840000,0.01205017800,0.00255225000
etaWear,FEAC84C53DE7,1728464643303,2024-10-09T12:04:03.303,35.32000000000,0.99782430000,-0.06476840000,0.01205017800,0.00255225000
etaWear,FEAC84C53DE7,1728464643313,2024-10-09T12:04:03.313,35.33000000000,0.99782430000,-0.06476840000,0.01205017800,0.00255225000
etaWear,FEAC84C53DE7,1728464643333,2024-10-09T12:04:03.333,35.35000000000,0.99782430000,-0.06476840000,0.01205017800,0.00255225000
etaWear,FEAC84C53DE7,1728464643343,2024-10-09T12:04:03.343,35.36000000000,0.99782430000,-0.06476840000,0.01205017800,0.00255225000
etaWear,FEAC84C53DE7,1728464643353,2024-10-09T12:04:03.353,35.37000000000,0.99782430000,-0.06476840000,0.01205017800,0.00255225000
etaWear,FEAC84C53DE7,1728464643363,2024-10-09T12:04:03.363,35.38000000000,0.99782430000,-0.06476840000,0.01205017800,0.00255225000
etaWear,FEAC84C53DE7,1728464643373,2024-10-09T12:04:03.373,35.39000000000,0.99782430000,-0.06476840000,0.01205017800,0.00255225000
etaWear,FEAC84C53DE7,1728464643383,2024-10-09T12:04:03.383,35.40000000000,0.99782430000,-0.06476840000,0.01205017800,0.00255225000
etaWear,FEAC84C53DE7,1728464643393,2024-10-09T12:04:03.393,35.41000000000,0.99782430000,-0.06476840000,0.01205017800,0.00255225000
etaWear,FEAC84C53DE7,1728464643413,2024-10-09T12:04:03.413,35.43000000000,0.99782430000,-0.06476840000,0.01205017800,0.00255225000
etaWear,FEAC84C53DE7,1728464643423,2024-10-09T12:04:03.423,35.44000000000,0.99782430000,-0.06476840000,0.01205017800,0.00255225000
etaWear,FEAC84C53DE7,1728464643523,2024-10-09T12:04:03.523,35.54000000000,0.99782430000,-0.06476840000,0.01205017800,0.00255225000
etaWear,FEAC84C53DE7,1728464643533,2024-10-09T12:04:03.533,35.55000000000,0.99782430000,-0.06476840000,0.01205017800,0.00255225000
etaWear,FEAC84C53DE7,1728464643553,2024-10-09T12:04:03.553,35.57000000000,0.99782430000,-0.06476840000,0.01205017800,0.00255225000
etaWear,FEAC84C53DE7,1728464643563,2024-10-09T12:04:03.563,35.58000000000,0.99782430000,-0.06476840000,0.01205017800,0.00255225000
etaWear,FEAC84C53DE7,1728464643583,2024-10-09T12:04:03.583,35.60000000000,0.99782430000,-0.06476840000,0.01205017800,0.00255225000
etaWear,FEAC84C53DE7,1728464643593,2024-10-09T12:04:03.593,35.61000000000,0.99782430000,-0.06476840000,0.01205017800,0.00255225000
etaWear,FEAC84C53DE7,1728464643603,2024-10-09T12:04:03.603,35.62000000000,0.99782430000,-0.06476840000,0.01205017800,0.00255225000
etaWear,FEAC84C53DE7,1728464643613,2024-10-09T12:04:03.613,35.63000000000,0.99782430000,-0.06476840000,0.01205017800,0.00255225000
etaWear,FEAC84C53DE7,1728464643623,2024-10-09T12:04:03.623,35.64000000000,0.99782430000,-0.06476840000,0.01205017800,0.00255225000
etaWear,FEAC84C53DE7,1728464643633,2024-10-09T12:04:03.633,35.65000000000,0.99782430000,-0.06476840000,0.01205017800,0.00255225000
etaWear,FEAC84C53DE7,1728464643643,2024-10-09T12:04:03.643,35.66000000000,0.99782430000,-0.06476840000,0.01205017800,0.00255225000
etaWear,FEAC84C53DE7,1728464643673,2024-10-09T12:04:03.673,35.69000000000,0.99782430000,-0.06476840000,0.01205017800,0.00255225000
etaWear,FEAC84C53DE7,1728464643683,2024-10-09T12:04:03.683,35.70000000000,0.99782430000,-0.06476840000,0.01205017800,0.00255225000
etaWear,FEAC84C53DE7,1728464643703,2024-10-09T12:04:03.703,35.72000000000,0.99782430000,-0.06476840000,0.01205017800,0.00255225000
etaWear,FEAC84C53DE7,1728464643713,2024-10-09T12:04:03.713,35.73000000000,0.99782430000,-0.06476840000,0.01205017800,0.00255225000
etaWear,FEAC84C53DE7,1728464643723,2024-10-09T12:04:03.723,35.74000000000,0.99782430000,-0.06476840000,0.01205017800,0.00255225000
etaWear,FEAC84C53DE7,1728464643743,2024-10-09T12:04:03.743,35.76000000000,0.99782430000,-0.06476840000,0.01205017800,0.00255225000
etaWear,FEAC84C53DE7,1728464643753,2024-10-09T12:04:03.753,35.77000000000,0.99782430000,-0.06476840000,0.01205017800,0.00255225000
etaWear,FEAC84C53DE7,1728464643773,2024-10-09T12:04:03.773,35.79000000000,0.99782430000,-0.06476840000,0.01205017800,0.00255225000
etaWear,FEAC84C53DE7,1728464643793,2024-10-09T12:04:03.793,35.81000000000,0.99782430000,-0.06476840000,0.01205017800,0.00255225000
etaWear,FEAC84C53DE7,1728464643803,2024-10-09T12:04:03.803,35.82000000000,0.99782430000,-0.06476840000,0.01205017800,0.00255225000
etaWear,FEAC84C53DE7,1728464643823,2024-10-09T12:04:03.823,35.84000000000,0.99782430000,-0.06476840000,0.01205017800,0.00255225000
etaWear,FEAC84C53DE7,1728464643843,2024-10-09T12:04:03.843,35.86000000000,0.99782430000,-0.06476840000,0.01205017800,0.00255225000
etaWear,FEAC84C53DE7,1728464643853,2024-10-09T12:04:03.853,35.87000000000,0.99782430000,-0.06476840000,0.01205017800,0.00255225000
etaWear,FEAC84C53DE7,1728464643863,2024-10-09T12:04:03.863,35.88000000000,0.99782430000,-0.06476840000,0.01205017800,0.00255225000
etaWear,FEAC84C53DE7,1728464643873,2024-10-09T12:04:03.873,35.89000000000,0.99782430000,-0.06476840000,0.01205017800,0.00255225000
etaWear,FEAC84C53DE7,1728464643883,2024-10-09T12:04:03.883,35.90000000000,0.99782430000,-0.06476840000,0.01205017800,0.00255225000
etaWear,FEAC84C53DE7,1728464643903,2024-10-09T12:04:03.903,35.92000000000,0.99782430000,-0.06476840000,0.01205017800,0.00255225000
etaWear,FEAC84C53DE7,1728464643913,2024-10-09T12:04:03.913,35.93000000000,0.99782430000,-0.06476840000,0.01205017800,0.00255225000
etaWear,FEAC84C53DE7,1728464643943,2024-10-09T12:04:03.943,35.96000000000,0.99782430000,-0.06476840000,0.01205017800,0.00255225000
etaWear,FEAC84C53DE7,1728464643953,2024-10-09T12:04:03.953,35.97000000000,0.99782430000,-0.06476840000,0.01205017800,0.00255225000
etaWear,FEAC84C53DE7,1728464643983,2024-10-09T12:04:03.983,36.00000000000,0.99782430000,-0.06476840000,0.01205017800,0.00255225000
etaWear,FEAC84C53DE7,1728464643993,2024-10-09T12:04:03.993,36.01000000000,0.99782430000,-0.06476840000,0.01205017800,0.00255225000
etaWear,FEAC84C53DE7,1728464644003,2024-10-09T12:04:04.003,36.02000000000,0.99782430000,-0.06476840000,0.01205017800,0.00255225000
etaWear,FEAC84C53DE7,1728464644013,2024-10-09T12:04:04.013,36.03000000000,0.99782430000,-0.06476840000,0.01205017800,0.00255225000
etaWear,FEAC84C53DE7,1728464644023,2024-10-09T12:04:04.023,36.04000000000,0.99782430000,-0.06476840000,0.01205017800,0.00255225000
etaWear,FEAC84C53DE7,1728464644033,2024-10-09T12:04:04.033,36.05000000000,0.99782430000,-0.06476840000,0.01205017800,0.00255225000
etaWear,FEAC84C53DE7,1728464644043,2024-10-09T12:04:04.043,36.06000000000,0.99782430000,-0.06476840000,0.01205017800,0.00255225000
etaWear,FEAC84C53DE7,1728464644063,2024-10-09T12:04:04.063,36.08000000000,0.99782430000,-0.06476840000,0.01205017800,0.00255225000
etaWear,FEAC84C53DE7,1728464644073,2024-10-09T12:04:04.073,36.09000000000,0.99782430000,-0.06476840000,0.01205017800,0.00255225000
etaWear,FEAC84C53DE7,1728464644093,2024-10-09T12:04:04.093,36.11000000000,0.99782430000,-0.06476840000,0.01205017800,0.00255225000
etaWear,FEAC84C53DE7,1728464644103,2024-10-09T12:04:04.103,36.12000000000,0.99782430000,-0.06476840000,0.01205017800,0.00255225000
etaWear,FEAC84C53DE7,1728464644113,2024-10-09T12:04:04.113,36.13000000000,0.99782430000,-0.06476840000,0.01205017800,0.00255225000
etaWear,FEAC84C53DE7,1728464644123,2024-10-09T12:04:04.123,36.14000000000,0.99782430000,-0.06476840000,0.01205017800,0.00255225000
etaWear,FEAC84C53DE7,1728464644143,2024-10-09T12:04:04.143,36.16000000000,0.99782430000,-0.06476840000,0.01205017800,0.00255225000
etaWear,FEAC84C53DE7,1728464644153,2024-10-09T12:04:04.153,36.17000000000,0.99782430000,-0.06476840000,0.01205017800,0.00255225000
etaWear,FEAC84C53DE7,1728464644243,2024-10-09T12:04:04.243,36.26000000000,0.99782430000,-0.06476840000,0.01205017800,0.00255225000
etaWear,FEAC84C53DE7,1728464644253,2024-10-09T12:04:04.253,36.27000000000,0.99782430000,-0.06476840000,0.01205017800,0.00255225000
etaWear,FEAC84C53DE7,1728464644263,2024-10-09T12:04:04.263,36.28000000000,0.99782430000,-0.06476840000,0.01205017800,0.00255225000
etaWear,FEAC84C53DE7,1728464644273,2024-10-09T12:04:04.273,36.29000000000,0.99782430000,-0.06476840000,0.01205017800,0.00255225000
etaWear,FEAC84C53DE7,1728464644283,2024-10-09T12:04:04.283,36.30000000000,0.99782430000,-0.06476840000,0.01205017800,0.00255225000
etaWear,FEAC84C53DE7,1728464644303,2024-10-09T12:04:04.303,36.32000000000,0.99782430000,-0.06476840000,0.01205017800,0.00255225000
etaWear,FEAC84C53DE7,1728464644313,2024-10-09T12:04:04.313,36.33000000000,0.99782430000,-0.06476840000,0.01205017800,0.00255225000
etaWear,FEAC84C53DE7,1728464644323,2024-10-09T12:04:04.323,36.34000000000,0.99782430000,-0.06476840000,0.01205017800,0.00255225000
etaWear,FEAC84C53DE7,1728464644333,2024-10-09T12:04:04.333,36.35000000000,0.99782430000,-0.06476840000,0.01205017800,0.00255225000
etaWear,FEAC84C53DE7,1728464644343,2024-10-09T12:04:04.343,36.36000000000,0.99782430000,-0.06476840000,0.01205017800,0.00255225000
etaWear,FEAC84C53DE7,1728464644353,2024-10-09T12:04:04.353,36.37000000000,0.99782430000,-0.06476840000,0.01205017800,0.00255225000
etaWear,FEAC84C53DE7,1728464644363,2024-10-09T12:04:04.363,36.38000000000,0.99782430000,-0.06476840000,0.01205017800,0.00255225000
etaWear,FEAC84C53DE7,1728464644383,2024-10-09T12:04:04.383,36.40000000000,0.99782430000,-0.06476840000,0.01205017800,0.00255225000
etaWear,FEAC84C53DE7,1728464644393,2024-10-09T12:04:04.393,36.41000000000,0.99782430000,-0.06476840000,0.01205017800,0.00255225000
etaWear,FEAC84C53DE7,1728464644403,2024-10-09T12:04:04.403,36.42000000000,0.99782430000,-0.06476840000,0.01205017800,0.00255225000
etaWear,FEAC84C53DE7,1728464644413,2024-10-09T12:04:04.413,36.43000000000,0.99782430000,-0.06476840000,0.01205017800,0.00255225000
etaWear,FEAC84C53DE7,1728464644423,2024-10-09T12:04:04.423,36.44000000000,0.99782430000,-0.06476840000,0.01205017800,0.00255225000
etaWear,FEAC84C53DE7,1728464644433,2024-10-09T12:04:04.433,36.45000000000,0.99782430000,-0.06476840000,0.01205017800,0.00255225000
etaWear,FEAC84C53DE7,1728464644463,2024-10-09T12:04:04.463,36.48000000000,0.99782430000,-0.06476840000,0.01205017800,0.00255225000
etaWear,FEAC84C53DE7,1728464644473,2024-10-09T12:04:04.473,36.49000000000,0.99782430000,-0.06476840000,0.01205017800,0.00255225000
etaWear,FEAC84C53DE7,1728464644483,2024-10-09T12:04:04.483,36.50000000000,0.99782430000,-0.06476840000,0.01205017800,0.00255225000
etaWear,FEAC84C53DE7,1728464644493,2024-10-09T12:04:04.493,36.51000000000,0.99782430000,-0.06476840000,0.01205017800,0.00255225000
MetaWear,FEAC84C53DE7,1728464644513,2024-10-09T12:04:04.513,36.53000000000,0.99782430000,-0.06476840000,0.01205017800,0.00255225000
etaWear,FEAC84C53DE7,1728464644523,2024-10-09T12:04:04.523,36.54000000000,0.99782430000,-0.06476840000,0.01205017800,0.00255225000
etaWear,FEAC84C53DE7,1728464644543,2024-10-09T12:04:04.543,36.56000000000,0.99782430000,-0.06476840000,0.01205017800,0.00255225000
etaWear,FEAC84C53DE7,1728464644553,2024-10-09T12:04:04.553,36.57000000000,0.99782430000,-0.06476840000,0.01205017800,0.00255225000
etaWear,FEAC84C53DE7,1728464644563,2024-10-09T12:04:04.563,36.58000000000,0.99782430000,-0.06476840000,0.01205017800,0.00255225000
etaWear,FEAC84C53DE7,1728464644573,2024-10-09T12:04:04.573,36.59000000000,0.99782430000,-0.06476840000,0.01205017800,0.00255225000
etaWear,FEAC84C53DE7,1728464644583,2024-10-09T12:04:04.583,36.60000000000,0.99782430000,-0.06476840000,0.01205017800,0.00255225000
etaWear,FEAC84C53DE7,1728464644593,2024-10-09T12:04:04.593,36.61000000000,0.99782430000,-0.06476840000,0.01205017800,0.00255225000
etaWear,FEAC84C53DE7,1728464644603,2024-10-09T12:04:04.603,36.62000000000,0.99782430000,-0.06476840000,0.01205017800,0.00255225000
etaWear,FEAC84C53DE7,1728464644623,2024-10-09T12:04:04.623,36.64000000000,0.99782430000,-0.06476840000,0.01205017800,0.00255225000
etaWear,FEAC84C53DE7,1728464644633,2024-10-09T12:04:04.633,36.65000000000,0.99782430000,-0.06476840000,0.01205017800,0.00255225000
etaWear,FEAC84C53DE7,1728464644653,2024-10-09T12:04:04.653,36.67000000000,0.99782430000,-0.06476840000,0.01205017800,0.00255225000
etaWear,FEAC84C53DE7,1728464644663,2024-10-09T12:04:04.663,36.68000000000,0.99782430000,-0.06476840000,0.01205017800,0.00255225000
etaWear,FEAC84C53DE7,1728464644673,2024-10-09T12:04:04.673,36.69000000000,0.99782430000,-0.06476840000,0.01205017800,0.00255225000
etaWear,FEAC84C53DE7,1728464644683,2024-10-09T12:04:04.683,36.70000000000,0.99782430000,-0.06476840000,0.01205017800,0.00255225000
etaWear,FEAC84C53DE7,1728464644693,2024-10-09T12:04:04.693,36.71000000000,0.99782430000,-0.06476840000,0.01205017800,0.00255225000
etaWear,FEAC84C53DE7,1728464644713,2024-10-09T12:04:04.713,36.73000000000,0.99782430000,-0.06476840000,0.01205017800,0.00255225000
etaWear,FEAC84C53DE7,1728464644723,2024-10-09T12:04:04.723,36.74000000000,0.99782430000,-0.06476840000,0.01205017800,0.00255225000
etaWear,FEAC84C53DE7,1728464644733,2024-10-09T12:04:04.733,36.75000000000,0.99782430000,-0.06476840000,0.01205017800,0.00255225000
etaWear,FEAC84C53DE7,1728464644753,2024-10-09T12:04:04.753,36.77000000000,0.99782430000,-0.06476840000,0.01205017800,0.00255225000
etaWear,FEAC84C53DE7,1728464644763,2024-10-09T12:04:04.763,36.78000000000,0.99782430000,-0.06476840000,0.01205017800,0.00255225000
etaWear,FEAC84C53DE7,1728464644773,2024-10-09T12:04:04.773,36.79000000000,0.99782430000,-0.06476840000,0.01205017800,0.00255225000
etaWear,FEAC84C53DE7,1728464644793,2024-10-09T12:04:04.793,36.81000000000,0.99782430000,-0.06476840000,0.01205017800,0.00255225000
etaWear,FEAC84C53DE7,1728464644803,2024-10-09T12:04:04.803,36.82000000000,0.99782430000,-0.06476840000,0.01205017800,0.00255225000
etaWear,FEAC84C53DE7,1728464644813,2024-10-09T12:04:04.813,36.83000000000,0.99782430000,-0.06476840000,0.01205017800,0.00255225000
etaWear,FEAC84C53DE7,1728464644823,2024-10-09T12:04:04.823,36.84000000000,0.99782430000,-0.06476840000,0.01205017800,0.00255225000
etaWear,FEAC84C53DE7,1728464644833,2024-10-09T12:04:04.833,36.85000000000,0.99782430000,-0.06476840000,0.01205017800,0.00255225000
etaWear,FEAC84C53DE7,1728464644853,2024-10-09T12:04:04.853,36.87000000000,0.99782430000,-0.06476840000,0.01205017800,0.00255225000
etaWear,FEAC84C53DE7,1728464644873,2024-10-09T12:04:04.873,36.89000000000,0.99782430000,-0.06476840000,0.01205017800,0.00255225000
etaWear,FEAC84C53DE7,1728464644883,2024-10-09T12:04:04.883,36.90000000000,0.99782430000,-0.06476840000,0.01205017800,0.00255225000
etaWear,FEAC84C53DE7,1728464644903,2024-10-09T12:04:04.903,36.92000000000,0.99782430000,-0.06476840000,0.01205017800,0.00255225000
MetaWear,FEAC84C53DE7,1728464644913,2024-10-09T12:04:04.913,36.93000000000,0.99782430000,-0.06476840000,0.01205017800,0.00255225000
etaWear,FEAC84C53DE7,1728464644923,2024-10-09T12:04:04.923,36.94000000000,0.99782430000,-0.06476840000,0.01205017800,0.00255225000
etaWear,FEAC84C53DE7,1728464644933,2024-10-09T12:04:04.933,36.95000000000,0.99782430000,-0.06476840000,0.01205017800,0.00255225000
etaWear,FEAC84C53DE7,1728464644953,2024-10-09T12:04:04.953,36.97000000000,0.99782430000,-0.06476840000,0.01205017800,0.00255225000
etaWear,FEAC84C53DE7,1728464644963,2024-10-09T12:04:04.963,36.98000000000,0.99782430000,-0.06476840000,0.01205017800,0.00255225000
etaWear,FEAC84C53DE7,1728464644973,2024-10-09T12:04:04.973,36.99000000000,0.99782430000,-0.06476840000,0.01205017800,0.00255225000
etaWear,FEAC84C53DE7,1728464644983,2024-10-09T12:04:04.983,37.00000000000,0.99782430000,-0.06476840000,0.01205017800,0.00255225000
etaWear,FEAC84C53DE7,1728464644993,2024-10-09T12:04:04.993,37.01000000000,0.99782430000,-0.06476840000,0.01205017800,0.00255225000
etaWear,FEAC84C53DE7,1728464645003,2024-10-09T12:04:05.003,37.02000000000,0.99782430000,-0.06476840000,0.01205017800,0.00255225000
etaWear,FEAC84C53DE7,1728464645013,2024-10-09T12:04:05.013,37.03000000000,0.99782430000,-0.06476840000,0.01205017800,0.00255225000
etaWear,FEAC84C53DE7,1728464645033,2024-10-09T12:04:05.033,37.05000000000,0.99782430000,-0.06476840000,0.01205017800,0.00255225000
etaWear,FEAC84C53DE7,1728464645043,2024-10-09T12:04:05.043,37.06000000000,0.99782430000,-0.06476840000,0.01205017800,0.00255225000
etaWear,FEAC84C53DE7,1728464645053,2024-10-09T12:04:05.053,37.07000000000,0.99782430000,-0.06476840000,0.01205017800,0.00255225000
etaWear,FEAC84C53DE7,1728464645063,2024-10-09T12:04:05.063,37.08000000000,0.99782430000,-0.06476840000,0.01205017800,0.00255225000
etaWear,FEAC84C53DE7,1728464645073,2024-10-09T12:04:05.073,37.09000000000,0.99782430000,-0.06476840000,0.01205017800,0.00255225000
etaWear,FEAC84C53DE7,1728464645083,2024-10-09T12:04:05.083,37.10000000000,0.99782430000,-0.06476840000,0.01205017800,0.00255225000
etaWear,FEAC84C53DE7,1728464645093,2024-10-09T12:04:05.093,37.11000000000,0.99782430000,-0.06476840000,0.01205017800,0.00255225000
etaWear,FEAC84C53DE7,1728464645113,2024-10-09T12:04:05.113,37.13000000000,0.99782430000,-0.06476840000,0.01205017800,0.00255225000
etaWear,FEAC84C53DE7,1728464645123,2024-10-09T12:04:05.123,37.14000000000,0.99782430000,-0.06476840000,0.01205017800,0.00255225000
etaWear,FEAC84C53DE7,1728464645133,2024-10-09T12:04:05.133,37.15000000000,0.99782430000,-0.06476840000,0.01205017800,0.00255225000
etaWear,FEAC84C53DE7,1728464645143,2024-10-09T12:04:05.143,37.16000000000,0.99782430000,-0.06476840000,0.01205017800,0.00255225000
etaWear,FEAC84C53DE7,1728464645153,2024-10-09T12:04:05.153,37.17000000000,0.99782430000,-0.06476840000,0.01205017800,0.00255225000
etaWear,FEAC84C53DE7,1728464645163,2024-10-09T12:04:05.163,37.18000000000,0.99782430000,-0.06476840000,0.01205017800,0.00255225000
etaWear,FEAC84C53DE7,1728464645173,2024-10-09T12:04:05.173,37.19000000000,0.99782430000,-0.06476840000,0.01205017800,0.00255225000
etaWear,FEAC84C53DE7,1728464645193,2024-10-09T12:04:05.193,37.21000000000,0.99782430000,-0.06476840000,0.01205017800,0.00255225000
etaWear,FEAC84C53DE7,1728464645203,2024-10-09T12:04:05.203,37.22000000000,0.99782430000,-0.06476840000,0.01205017800,0.00255225000
etaWear,FEAC84C53DE7,1728464645213,2024-10-09T12:04:05.213,37.23000000000,0.99782430000,-0.06476840000,0.01205017800,0.00255225000
etaWear,FEAC84C53DE7,1728464645223,2024-10-09T12:04:05.223,37.24000000000,0.99782430000,-0.06476840000,0.01205017800,0.00255225000
etaWear,FEAC84C53DE7,1728464645233,2024-10-09T12:04:05.233,37.25000000000,0.99782430000,-0.06476840000,0.01205017800,0.00255225000
etaWear,FEAC84C53DE7,1728464645243,2024-10-09T12:04:05.243,37.26000000000,0.99782430000,-0.06476840000,0.01205017800,0.00255225000
etaWear,FEAC84C53DE7,1728464645253,2024-10-09T12:04:05.253,37.27000000000,0.99782430000,-0.06476840000,0.01205017800,0.00255225000
etaWear,FEAC84C53DE7,1728464645273,2024-10-09T12:04:05.273,37.29000000000,0.99782430000,-0.06476840000,0.01205017800,0.00255225000
etaWear,FEAC84C53DE7,1728464645283,2024-10-09T12:04:05.283,37.30000000000,0.99782430000,-0.06476840000,0.01205017800,0.00255225000
etaWear,FEAC84C53DE7,1728464645293,2024-10-09T12:04:05.293,37.31000000000,0.99782430000,-0.06476840000,0.01205017800,0.00255225000
etaWear,FEAC84C53DE7,1728464645313,2024-10-09T12:04:05.313,37.33000000000,0.99782430000,-0.06476840000,0.01205017800,0.00255225000
etaWear,FEAC84C53DE7,1728464645323,2024-10-09T12:04:05.323,37.34000000000,0.99782430000,-0.06476840000,0.01205017800,0.00255225000
etaWear,FEAC84C53DE7,1728464645333,2024-10-09T12:04:05.333,37.35000000000,0.99782430000,-0.06476840000,0.01205017800,0.00255225000
etaWear,FEAC84C53DE7,1728464645353,2024-10-09T12:04:05.353,37.37000000000,0.99782430000,-0.06476840000,0.01205017800,0.00255225000
etaWear,FEAC84C53DE7,1728464645363,2024-10-09T12:04:05.363,37.38000000000,0.99782430000,-0.06476840000,0.01205017800,0.00255225000
etaWear,FEAC84C53DE7,1728464645393,2024-10-09T12:04:05.393,37.41000000000,0.99782430000,-0.06476840000,0.01205017800,0.00255225000
etaWear,FEAC84C53DE7,1728464645403,2024-10-09T12:04:05.403,37.42000000000,0.99782430000,-0.06476840000,0.01205017800,0.00255225000
etaWear,FEAC84C53DE7,1728464645413,2024-10-09T12:04:05.413,37.43000000000,0.99782430000,-0.06476840000,0.01205017800,0.00255225000
etaWear,FEAC84C53DE7,1728464645433,2024-10-09T12:04:05.433,37.45000000000,0.99782430000,-0.06476840000,0.01205017800,0.00255225000
etaWear,FEAC84C53DE7,1728464645443,2024-10-09T12:04:05.443,37.46000000000,0.99782430000,-0.06476840000,0.01205017800,0.00255225000
etaWear,FEAC84C53DE7,1728464645453,2024-10-09T12:04:05.453,37.47000000000,0.99782430000,-0.06476840000,0.01205017800,0.00255225000
etaWear,FEAC84C53DE7,1728464645463,2024-10-09T12:04:05.463,37.48000000000,0.99782430000,-0.06476840000,0.01205017800,0.00255225000
etaWear,FEAC84C53DE7,1728464645483,2024-10-09T12:04:05.483,37.50000000000,0.99782430000,-0.06476840000,0.01205017800,0.00255225000
etaWear,FEAC84C53DE7,1728464645493,2024-10-09T12:04:05.493,37.51000000000,0.99782430000,-0.06476840000,0.01205017800,0.00255225000
etaWear,FEAC84C53DE7,1728464645513,2024-10-09T12:04:05.513,37.53000000000,0.99782430000,-0.06476840000,0.01205017800,0.00255225000
etaWear,FEAC84C53DE7,1728464645523,2024-10-09T12:04:05.523,37.54000000000,0.99782430000,-0.06476840000,0.01205017800,0.00255225000
etaWear,FEAC84C53DE7,1728464645533,2024-10-09T12:04:05.533,37.55000000000,0.99782430000,-0.06476840000,0.01205017800,0.00255225000
etaWear,FEAC84C53DE7,1728464645543,2024-10-09T12:04:05.543,37.56000000000,0.99782430000,-0.06476840000,0.01205017800,0.00255225000
etaWear,FEAC84C53DE7,1728464645553,2024-10-09T12:04:05.553,37.57000000000,0.99782430000,-0.06476840000,0.01205017800,0.00255225000
etaWear,FEAC84C53DE7,1728464645563,2024-10-09T12:04:05.563,37.58000000000,0.99782430000,-0.06476840000,0.01205017800,0.00255225000
etaWear,FEAC84C53DE7,1728464645573,2024-10-09T12:04:05.573,37.59000000000,0.99782430000,-0.06476840000,0.01205017800,0.00255225000
etaWear,FEAC84C53DE7,1728464645593,2024-10-09T12:04:05.593,37.61000000000,0.99782430000,-0.06476840000,0.01205017800,0.00255225000
etaWear,FEAC84C53DE7,1728464645603,2024-10-09T12:04:05.603,37.62000000000,0.99782430000,-0.06476840000,0.01205017800,0.00255225000
etaWear,FEAC84C53DE7,1728464645633,2024-10-09T12:04:05.633,37.65000000000,0.99782430000,-0.06476840000,0.01205017800,0.00255225000
etaWear,FEAC84C53DE7,1728464645643,2024-10-09T12:04:05.643,37.66000000000,0.99782430000,-0.06476840000,0.01205017800,0.00255225000
etaWear,FEAC84C53DE7,1728464645653,2024-10-09T12:04:05.653,37.67000000000,0.99782430000,-0.06476840000,0.01205017800,0.00255225000
etaWear,FEAC84C53DE7,1728464645673,2024-10-09T12:04:05.673,37.69000000000,0.99782354000,-0.06476856000,0.01211322900,0.00254815720
etaWear,FEAC84C53DE7,1728464645683,2024-10-09T12:04:05.683,37.70000000000,0.99782354000,-0.06476856000,0.01211322900,0.00254815720
etaWear,FEAC84C53DE7,1728464645693,2024-10-09T12:04:05.693,37.71000000000,0.99782354000,-0.06476856000,0.01211322900,0.00254815720
etaWear,FEAC84C53DE7,1728464645713,2024-10-09T12:04:05.713,37.73000000000,0.99782443000,-0.06476837400,0.01203972400,0.00255292840
etaWear,FEAC84C53DE7,1728464645733,2024-10-09T12:04:05.733,37.75000000000,0.99782443000,-0.06476837400,0.01203972400,0.00255292840
etaWear,FEAC84C53DE7,1728464645753,2024-10-09T12:04:05.753,37.77000000000,0.99782443000,-0.06476837400,0.01203972400,0.00255292840
etaWear,FEAC84C53DE7,1728464645763,2024-10-09T12:04:05.763,37.78000000000,0.99782443000,-0.06476837400,0.01203972400,0.00255292840
etaWear,FEAC84C53DE7,1728464645773,2024-10-09T12:04:05.773,37.79000000000,0.99782443000,-0.06476837400,0.01203972400,0.00255292840
etaWear,FEAC84C53DE7,1728464645783,2024-10-09T12:04:05.783,37.80000000000,0.99782443000,-0.06476837400,0.01203972400,0.00255292840
etaWear,FEAC84C53DE7,1728464645793,2024-10-09T12:04:05.793,37.81000000000,0.99782443000,-0.06476837400,0.01203972400,0.00255292840
etaWear,FEAC84C53DE7,1728464645803,2024-10-09T12:04:05.803,37.82000000000,0.99782443000,-0.06476837400,0.01203972400,0.00255292840
etaWear,FEAC84C53DE7,1728464645813,2024-10-09T12:04:05.813,37.83000000000,0.99782443000,-0.06476837400,0.01203972400,0.00255292840
etaWear,FEAC84C53DE7,1728464645833,2024-10-09T12:04:05.833,37.85000000000,0.99782443000,-0.06476837400,0.01203972400,0.00255292840
etaWear,FEAC84C53DE7,1728464645843,2024-10-09T12:04:05.843,37.86000000000,0.99782443000,-0.06476837400,0.01203972400,0.00255292840
etaWear,FEAC84C53DE7,1728464645853,2024-10-09T12:04:05.853,37.87000000000,0.99782443000,-0.06476837400,0.01203972400,0.00255292840
etaWear,FEAC84C53DE7,1728464645883,2024-10-09T12:04:05.883,37.90000000000,0.99782443000,-0.06476837400,0.01203972400,0.00255292840
etaWear,FEAC84C53DE7,1728464645893,2024-10-09T12:04:05.893,37.91000000000,0.99782443000,-0.06476837400,0.01203972400,0.00255292840
etaWear,FEAC84C53DE7,1728464645903,2024-10-09T12:04:05.903,37.92000000000,0.99782443000,-0.06476837400,0.01203972400,0.00255292840
etaWear,FEAC84C53DE7,1728464645923,2024-10-09T12:04:05.923,37.94000000000,0.99782443000,-0.06476837400,0.01203972400,0.00255292840
etaWear,FEAC84C53DE7,1728464645933,2024-10-09T12:04:05.933,37.95000000000,0.99782443000,-0.06476837400,0.01203972400,0.00255292840
etaWear,FEAC84C53DE7,1728464645943,2024-10-09T12:04:05.943,37.96000000000,0.99782443000,-0.06476837400,0.01203972400,0.00255292840
etaWear,FEAC84C53DE7,1728464646033,2024-10-09T12:04:06.033,38.05000000000,0.99782443000,-0.06476837400,0.01203972400,0.00255292840
etaWear,FEAC84C53DE7,1728464646043,2024-10-09T12:04:06.043,38.06000000000,0.99782443000,-0.06476837400,0.01203972400,0.00255292840
etaWear,FEAC84C53DE7,1728464646053,2024-10-09T12:04:06.053,38.07000000000,0.99782443000,-0.06476837400,0.01203972400,0.00255292840
etaWear,FEAC84C53DE7,1728464646063,2024-10-09T12:04:06.063,38.08000000000,0.99782443000,-0.06476837400,0.01203972400,0.00255292840
etaWear,FEAC84C53DE7,1728464646083,2024-10-09T12:04:06.083,38.10000000000,0.99782443000,-0.06476837400,0.01203972400,0.00255292840
etaWear,FEAC84C53DE7,1728464646093,2024-10-09T12:04:06.093,38.11000000000,0.99782443000,-0.06476837400,0.01203972400,0.00255292840
etaWear,FEAC84C53DE7,1728464646103,2024-10-09T12:04:06.103,38.12000000000,0.99782443000,-0.06476837400,0.01203972400,0.00255292840
etaWear,FEAC84C53DE7,1728464646113,2024-10-09T12:04:06.113,38.13000000000,0.99782443000,-0.06476837400,0.01203972400,0.00255292840
etaWear,FEAC84C53DE7,1728464646123,2024-10-09T12:04:06.123,38.14000000000,0.99782443000,-0.06476837400,0.01203972400,0.00255292840
etaWear,FEAC84C53DE7,1728464646133,2024-10-09T12:04:06.133,38.15000000000,0.99782443000,-0.06476837400,0.01203972400,0.00255292840
etaWear,FEAC84C53DE7,1728464646143,2024-10-09T12:04:06.143,38.16000000000,0.99782443000,-0.06476837400,0.01203972400,0.00255292840
etaWear,FEAC84C53DE7,1728464646163,2024-10-09T12:04:06.163,38.18000000000,0.99782443000,-0.06476837400,0.01203972400,0.00255292840
etaWear,FEAC84C53DE7,1728464646173,2024-10-09T12:04:06.173,38.19000000000,0.99782443000,-0.06476837400,0.01203972400,0.00255292840
etaWear,FEAC84C53DE7,1728464646183,2024-10-09T12:04:06.183,38.20000000000,0.99782443000,-0.06476837400,0.01203972400,0.00255292840
etaWear,FEAC84C53DE7,1728464646193,2024-10-09T12:04:06.193,38.21000000000,0.99782443000,-0.06476837400,0.01203972400,0.00255292840
etaWear,FEAC84C53DE7,1728464646203,2024-10-09T12:04:06.203,38.22000000000,0.99782443000,-0.06476837400,0.01203972400,0.00255292840
etaWear,FEAC84C53DE7,1728464646213,2024-10-09T12:04:06.213,38.23000000000,0.99782443000,-0.06476837400,0.01203972400,0.00255292840
etaWear,FEAC84C53DE7,1728464646223,2024-10-09T12:04:06.223,38.24000000000,0.99782443000,-0.06476837400,0.01203972400,0.00255292840
etaWear,FEAC84C53DE7,1728464646243,2024-10-09T12:04:06.243,38.26000000000,0.99782443000,-0.06476837400,0.01203972400,0.00255292840
etaWear,FEAC84C53DE7,1728464646253,2024-10-09T12:04:06.253,38.27000000000,0.99782443000,-0.06476837400,0.01203972400,0.00255292840
etaWear,FEAC84C53DE7,1728464646263,2024-10-09T12:04:06.263,38.28000000000,0.99782443000,-0.06476837400,0.01203972400,0.00255292840
etaWear,FEAC84C53DE7,1728464646273,2024-10-09T12:04:06.273,38.29000000000,0.99782443000,-0.06476837400,0.01203972400,0.00255292840
etaWear,FEAC84C53DE7,1728464646283,2024-10-09T12:04:06.283,38.30000000000,0.99782443000,-0.06476837400,0.01203972400,0.00255292840
MetaWear,FEAC84C53DE7,1728464646463,2024-10-09T12:04:06.463,38.48000000000,0.99782443000,-0.06476837400,0.01203972400,0.00255292840
etaWear,FEAC84C53DE7,1728464646483,2024-10-09T12:04:06.483,38.50000000000,0.99782443000,-0.06476837400,0.01203972400,0.00255292840
etaWear,FEAC84C53DE7,1728464646493,2024-10-09T12:04:06.493,38.51000000000,0.99782443000,-0.06476837400,0.01203972400,0.00255292840
etaWear,FEAC84C53DE7,1728464646503,2024-10-09T12:04:06.503,38.52000000000,0.99782443000,-0.06476837400,0.01203972400,0.00255292840
etaWear,FEAC84C53DE7,1728464646513,2024-10-09T12:04:06.513,38.53000000000,0.99782443000,-0.06476837400,0.01203972400,0.00255292840
etaWear,FEAC84C53DE7,1728464646523,2024-10-09T12:04:06.523,38.54000000000,0.99782443000,-0.06476837400,0.01203972400,0.00255292840
etaWear,FEAC84C53DE7,1728464646533,2024-10-09T12:04:06.533,38.55000000000,0.99782443000,-0.06476837400,0.01203972400,0.00255292840
etaWear,FEAC84C53DE7,1728464646543,2024-10-09T12:04:06.543,38.56000000000,0.99782443000,-0.06476837400,0.01203972400,0.00255292840
etaWear,FEAC84C53DE7,1728464646563,2024-10-09T12:04:06.563,38.58000000000,0.99782443000,-0.06476837400,0.01203972400,0.00255292840
etaWear,FEAC84C53DE7,1728464646573,2024-10-09T12:04:06.573,38.59000000000,0.99782443000,-0.06476837400,0.01203972400,0.00255292840
etaWear,FEAC84C53DE7,1728464646583,2024-10-09T12:04:06.583,38.60000000000,0.99782443000,-0.06476837400,0.01203972400,0.00255292840
etaWear,FEAC84C53DE7,1728464646593,2024-10-09T12:04:06.593,38.61000000000,0.99782443000,-0.06476837400,0.01203972400,0.00255292840
etaWear,FEAC84C53DE7,1728464646603,2024-10-09T12:04:06.603,38.62000000000,0.99782443000,-0.06476837400,0.01203972400,0.00255292840
etaWear,FEAC84C53DE7,1728464646613,2024-10-09T12:04:06.613,38.63000000000,0.99782443000,-0.06476837400,0.01203972400,0.00255292840
etaWear,FEAC84C53DE7,1728464646623,2024-10-09T12:04:06.623,38.64000000000,0.99782443000,-0.06476837400,0.01203972400,0.00255292840
etaWear,FEAC84C53DE7,1728464646643,2024-10-09T12:04:06.643,38.66000000000,0.99782443000,-0.06476837400,0.01203972400,0.00255292840
etaWear,FEAC84C53DE7,1728464646653,2024-10-09T12:04:06.653,38.67000000000,0.99782443000,-0.06476837400,0.01203972400,0.00255292840
etaWear,FEAC84C53DE7,1728464646663,2024-10-09T12:04:06.663,38.68000000000,0.99782443000,-0.06476837400,0.01203972400,0.00255292840
etaWear,FEAC84C53DE7,1728464646673,2024-10-09T12:04:06.673,38.69000000000,0.99782443000,-0.06476837400,0.01203972400,0.00255292840
etaWear,FEAC84C53DE7,1728464646683,2024-10-09T12:04:06.683,38.70000000000,0.99782443000,-0.06476837400,0.01203972400,0.00255292840
etaWear,FEAC84C53DE7,1728464646693,2024-10-09T12:04:06.693,38.71000000000,0.99782443000,-0.06476837400,0.01203972400,0.00255292840
etaWear,FEAC84C53DE7,1728464646703,2024-10-09T12:04:06.703,38.72000000000,0.99782443000,-0.06476837400,0.01203972400,0.00255292840
etaWear,FEAC84C53DE7,1728464646723,2024-10-09T12:04:06.723,38.74000000000,0.99782443000,-0.06476837400,0.01203972400,0.00255292840
etaWear,FEAC84C53DE7,1728464646933,2024-10-09T12:04:06.933,38.95000000000,0.99782443000,-0.06476837400,0.01203972400,0.00255292840
etaWear,FEAC84C53DE7,1728464646943,2024-10-09T12:04:06.943,38.96000000000,0.99782443000,-0.06476837400,0.01203972400,0.00255292840
etaWear,FEAC84C53DE7,1728464646963,2024-10-09T12:04:06.963,38.98000000000,0.99782443000,-0.06476837400,0.01203972400,0.00255292840
etaWear,FEAC84C53DE7,1728464646973,2024-10-09T12:04:06.973,38.99000000000,0.99782443000,-0.06476837400,0.01203972400,0.00255292840
etaWear,FEAC84C53DE7,1728464646983,2024-10-09T12:04:06.983,39.00000000000,0.99782443000,-0.06476837400,0.01203972400,0.00255292840
etaWear,FEAC84C53DE7,1728464646993,2024-10-09T12:04:06.993,39.01000000000,0.99782443000,-0.06476837400,0.01203972400,0.00255292840
etaWear,FEAC84C53DE7,1728464647003,2024-10-09T12:04:07.003,39.02000000000,0.99782443000,-0.06476837400,0.01203972400,0.00255292840
etaWear,FEAC84C53DE7,1728464647013,2024-10-09T12:04:07.013,39.03000000000,0.99782443000,-0.06476837400,0.01203972400,0.00255292840
etaWear,FEAC84C53DE7,1728464647023,2024-10-09T12:04:07.023,39.04000000000,0.99782443000,-0.06476837400,0.01203972400,0.00255292840
etaWear,FEAC84C53DE7,1728464647043,2024-10-09T12:04:07.043,39.06000000000,0.99782443000,-0.06476837400,0.01203972400,0.00255292840
etaWear,FEAC84C53DE7,1728464647053,2024-10-09T12:04:07.053,39.07000000000,0.99782443000,-0.06476837400,0.01203972400,0.00255292840
etaWear,FEAC84C53DE7,1728464647063,2024-10-09T12:04:07.063,39.08000000000,0.99782443000,-0.06476837400,0.01203972400,0.00255292840
etaWear,FEAC84C53DE7,1728464647073,2024-10-09T12:04:07.073,39.09000000000,0.99782443000,-0.06476837400,0.01203972400,0.00255292840
etaWear,FEAC84C53DE7,1728464647083,2024-10-09T12:04:07.083,39.10000000000,0.99782443000,-0.06476837400,0.01203972400,0.00255292840
etaWear,FEAC84C53DE7,1728464647093,2024-10-09T12:04:07.093,39.11000000000,0.99782443000,-0.06476837400,0.01203972400,0.00255292840
etaWear,FEAC84C53DE7,1728464647103,2024-10-09T12:04:07.103,39.12000000000,0.99782443000,-0.06476837400,0.01203972400,0.00255292840
etaWear,FEAC84C53DE7,1728464647123,2024-10-09T12:04:07.123,39.14000000000,0.99782443000,-0.06476837400,0.01203972400,0.00255292840
etaWear,FEAC84C53DE7,1728464647133,2024-10-09T12:04:07.133,39.15000000000,0.99782443000,-0.06476837400,0.01203972400,0.00255292840
etaWear,FEAC84C53DE7,1728464647143,2024-10-09T12:04:07.143,39.16000000000,0.99782443000,-0.06476837400,0.01203972400,0.00255292840
etaWear,FEAC84C53DE7,1728464647153,2024-10-09T12:04:07.153,39.17000000000,0.99782443000,-0.06476837400,0.01203972400,0.00255292840
etaWear,FEAC84C53DE7,1728464647163,2024-10-09T12:04:07.163,39.18000000000,0.99782443000,-0.06476837400,0.01203972400,0.00255292840
MetaWear,FEAC84C53DE7,1728464647173,2024-10-09T12:04:07.173,39.19000000000,0.99782443000,-0.06476837400,0.01203972400,0.00255292840
etaWear,FEAC84C53DE7,1728464647183,2024-10-09T12:04:07.183,39.20000000000,0.99782443000,-0.06476837400,0.01203972400,0.00255292840
etaWear,FEAC84C53DE7,1728464647193,2024-10-09T12:04:07.193,39.21000000000,0.99782443000,-0.06476837400,0.01203972400,0.00255292840
etaWear,FEAC84C53DE7,1728464647213,2024-10-09T12:04:07.213,39.23000000000,0.99782443000,-0.06476837400,0.01203972400,0.00255292840
etaWear,FEAC84C53DE7,1728464647223,2024-10-09T12:04:07.223,39.24000000000,0.99782443000,-0.06476837400,0.01203972400,0.00255292840
etaWear,FEAC84C53DE7,1728464647233,2024-10-09T12:04:07.233,39.25000000000,0.99782443000,-0.06476837400,0.01203972400,0.00255292840
etaWear,FEAC84C53DE7,1728464647243,2024-10-09T12:04:07.243,39.26000000000,0.99782443000,-0.06476837400,0.01203972400,0.00255292840
etaWear,FEAC84C53DE7,1728464647263,2024-10-09T12:04:07.263,39.28000000000,0.99782443000,-0.06476837400,0.01203972400,0.00255292840
etaWear,FEAC84C53DE7,1728464647273,2024-10-09T12:04:07.273,39.29000000000,0.99782443000,-0.06476837400,0.01203972400,0.00255292840
etaWear,FEAC84C53DE7,1728464647293,2024-10-09T12:04:07.293,39.31000000000,0.99782443000,-0.06476837400,0.01203972400,0.00255292840
etaWear,FEAC84C53DE7,1728464647303,2024-10-09T12:04:07.303,39.32000000000,0.99782443000,-0.06476837400,0.01203972400,0.00255292840
etaWear,FEAC84C53DE7,1728464647313,2024-10-09T12:04:07.313,39.33000000000,0.99782443000,-0.06476837400,0.01203972400,0.00255292840
etaWear,FEAC84C53DE7,1728464647323,2024-10-09T12:04:07.323,39.34000000000,0.99782443000,-0.06476837400,0.01203972400,0.00255292840
etaWear,FEAC84C53DE7,1728464647333,2024-10-09T12:04:07.333,39.35000000000,0.99782443000,-0.06476837400,0.01203972400,0.00255292840
etaWear,FEAC84C53DE7,1728464647343,2024-10-09T12:04:07.343,39.36000000000,0.99782443000,-0.06476837400,0.01203972400,0.00255292840
etaWear,FEAC84C53DE7,1728464647353,2024-10-09T12:04:07.353,39.37000000000,0.99782443000,-0.06476837400,0.01203972400,0.00255292840
etaWear,FEAC84C53DE7,1728464647373,2024-10-09T12:04:07.373,39.39000000000,0.99782443000,-0.06476837400,0.01203972400,0.00255292840
etaWear,FEAC84C53DE7,1728464647383,2024-10-09T12:04:07.383,39.40000000000,0.99782443000,-0.06476837400,0.01203972400,0.00255292840
etaWear,FEAC84C53DE7,1728464647393,2024-10-09T12:04:07.393,39.41000000000,0.99782443000,-0.06476837400,0.01203972400,0.00255292840
etaWear,FEAC84C53DE7,1728464647403,2024-10-09T12:04:07.403,39.42000000000,0.99782443000,-0.06476837400,0.01203972400,0.00255292840
etaWear,FEAC84C53DE7,1728464647413,2024-10-09T12:04:07.413,39.43000000000,0.99782443000,-0.06476837400,0.01203972400,0.00255292840
etaWear,FEAC84C53DE7,1728464647423,2024-10-09T12:04:07.423,39.44000000000,0.99782443000,-0.06476837400,0.01203972400,0.00255292840
etaWear,FEAC84C53DE7,1728464647433,2024-10-09T12:04:07.433,39.45000000000,0.99782443000,-0.06476837400,0.01203972400,0.00255292840
etaWear,FEAC84C53DE7,1728464647453,2024-10-09T12:04:07.453,39.47000000000,0.99782443000,-0.06476837400,0.01203972400,0.00255292840
etaWear,FEAC84C53DE7,1728464647463,2024-10-09T12:04:07.463,39.48000000000,0.99782443000,-0.06476837400,0.01203972400,0.00255292840
etaWear,FEAC84C53DE7,1728464647473,2024-10-09T12:04:07.473,39.49000000000,0.99782443000,-0.06476837400,0.01203972400,0.00255292840
etaWear,FEAC84C53DE7,1728464647483,2024-10-09T12:04:07.483,39.50000000000,0.99782443000,-0.06476837400,0.01203972400,0.00255292840
etaWear,FEAC84C53DE7,1728464647493,2024-10-09T12:04:07.493,39.51000000000,0.99782443000,-0.06476837400,0.01203972400,0.00255292840
etaWear,FEAC84C53DE7,1728464647593,2024-10-09T12:04:07.593,39.61000000000,0.99782443000,-0.06476837400,0.01203972400,0.00255292840
etaWear,FEAC84C53DE7,1728464647613,2024-10-09T12:04:07.613,39.63000000000,0.99782443000,-0.06476837400,0.01203972400,0.00255292840
etaWear,FEAC84C53DE7,1728464647623,2024-10-09T12:04:07.623,39.64000000000,0.99782443000,-0.06476837400,0.01203972400,0.00255292840
etaWear,FEAC84C53DE7,1728464647633,2024-10-09T12:04:07.633,39.65000000000,0.99782443000,-0.06476837400,0.01203972400,0.00255292840
etaWear,FEAC84C53DE7,1728464647643,2024-10-09T12:04:07.643,39.66000000000,0.99782443000,-0.06476837400,0.01203972400,0.00255292840
etaWear,FEAC84C53DE7,1728464647653,2024-10-09T12:04:07.653,39.67000000000,0.99782443000,-0.06476837400,0.01203972400,0.00255292840
etaWear,FEAC84C53DE7,1728464647663,2024-10-09T12:04:07.663,39.68000000000,0.99782443000,-0.06476837400,0.01203972400,0.00255292840
etaWear,FEAC84C53DE7,1728464647673,2024-10-09T12:04:07.673,39.69000000000,0.99782443000,-0.06476837400,0.01203972400,0.00255292840
etaWear,FEAC84C53DE7,1728464647693,2024-10-09T12:04:07.693,39.71000000000,0.99782443000,-0.06476837400,0.01203972400,0.00255292840
etaWear,FEAC84C53DE7,1728464647703,2024-10-09T12:04:07.703,39.72000000000,0.99782443000,-0.06476837400,0.01203972400,0.00255292840
etaWear,FEAC84C53DE7,1728464647713,2024-10-09T12:04:07.713,39.73000000000,0.99782443000,-0.06476837400,0.01203972400,0.00255292840
etaWear,FEAC84C53DE7,1728464647723,2024-10-09T12:04:07.723,39.74000000000,0.99782443000,-0.06476837400,0.01203972400,0.00255292840
etaWear,FEAC84C53DE7,1728464647733,2024-10-09T12:04:07.733,39.75000000000,0.99782443000,-0.06476837400,0.01203972400,0.00255292840
etaWear,FEAC84C53DE7,1728464647743,2024-10-09T12:04:07.743,39.76000000000,0.99782443000,-0.06476837400,0.01203972400,0.00255292840
etaWear,FEAC84C53DE7,1728464647753,2024-10-09T12:04:07.753,39.77000000000,0.99782443000,-0.06476837400,0.01203972400,0.00255292840
etaWear,FEAC84C53DE7,1728464647773,2024-10-09T12:04:07.773,39.79000000000,0.99782443000,-0.06476837400,0.01203972400,0.00255292840
etaWear,FEAC84C53DE7,1728464647783,2024-10-09T12:04:07.783,39.80000000000,0.99782443000,-0.06476837400,0.01203972400,0.00255292840
etaWear,FEAC84C53DE7,1728464647793,2024-10-09T12:04:07.793,39.81000000000,0.99782443000,-0.06476837400,0.01203972400,0.00255292840
etaWear,FEAC84C53DE7,1728464647803,2024-10-09T12:04:07.803,39.82000000000,0.99782443000,-0.06476837400,0.01203972400,0.00255292840
etaWear,FEAC84C53DE7,1728464647813,2024-10-09T12:04:07.813,39.83000000000,0.99782443000,-0.06476837400,0.01203972400,0.00255292840
etaWear,FEAC84C53DE7,1728464647823,2024-10-09T12:04:07.823,39.84000000000,0.99782443000,-0.06476837400,0.01203972400,0.00255292840
etaWear,FEAC84C53DE7,1728464647833,2024-10-09T12:04:07.833,39.85000000000,0.99782443000,-0.06476837400,0.01203972400,0.00255292840
etaWear,FEAC84C53DE7,1728464647853,2024-10-09T12:04:07.853,39.87000000000,0.99782443000,-0.06476837400,0.01203972400,0.00255292840
etaWear,FEAC84C53DE7,1728464647863,2024-10-09T12:04:07.863,39.88000000000,0.99782443000,-0.06476837400,0.01203972400,0.00255292840
etaWear,FEAC84C53DE7,1728464647873,2024-10-09T12:04:07.873,39.89000000000,0.99782443000,-0.06476837400,0.01203972400,0.00255292840
etaWear,FEAC84C53DE7,1728464648263,2024-10-09T12:04:08.263,40.28000000000,0.99782443000,-0.06476837400,0.01203972400,0.00255292840
etaWear,FEAC84C53DE7,1728464648273,2024-10-09T12:04:08.273,40.29000000000,0.99782443000,-0.06476837400,0.01203972400,0.00255292840
etaWear,FEAC84C53DE7,1728464648283,2024-10-09T12:04:08.283,40.30000000000,0.99782443000,-0.06476837400,0.01203972400,0.00255292840
etaWear,FEAC84C53DE7,1728464648293,2024-10-09T12:04:08.293,40.31000000000,0.99782443000,-0.06476837400,0.01203972400,0.00255292840
etaWear,FEAC84C53DE7,1728464648303,2024-10-09T12:04:08.303,40.32000000000,0.99782443000,-0.06476837400,0.01203972400,0.00255292840
etaWear,FEAC84C53DE7,1728464648313,2024-10-09T12:04:08.313,40.33000000000,0.99782443000,-0.06476837400,0.01203972400,0.00255292840
etaWear,FEAC84C53DE7,1728464648333,2024-10-09T12:04:08.333,40.35000000000,0.99782443000,-0.06476837400,0.01203972400,0.00255292840
etaWear,FEAC84C53DE7,1728464648343,2024-10-09T12:04:08.343,40.36000000000,0.99782443000,-0.06476837400,0.01203972400,0.00255292840
etaWear,FEAC84C53DE7,1728464648353,2024-10-09T12:04:08.353,40.37000000000,0.99782443000,-0.06476837400,0.01203972400,0.00255292840
etaWear,FEAC84C53DE7,1728464648363,2024-10-09T12:04:08.363,40.38000000000,0.99782443000,-0.06476837400,0.01203972400,0.00255292840
etaWear,FEAC84C53DE7,1728464648373,2024-10-09T12:04:08.373,40.39000000000,0.99782443000,-0.06476837400,0.01203972400,0.00255292840
etaWear,FEAC84C53DE7,1728464648383,2024-10-09T12:04:08.383,40.40000000000,0.99782443000,-0.06476837400,0.01203972400,0.00255292840
etaWear,FEAC84C53DE7,1728464648393,2024-10-09T12:04:08.393,40.41000000000,0.99782443000,-0.06476837400,0.01203972400,0.00255292840
etaWear,FEAC84C53DE7,1728464648413,2024-10-09T12:04:08.413,40.43000000000,0.99782443000,-0.06476837400,0.01203972400,0.00255292840
etaWear,FEAC84C53DE7,1728464648423,2024-10-09T12:04:08.423,40.44000000000,0.99782443000,-0.06476837400,0.01203972400,0.00255292840
etaWear,FEAC84C53DE7,1728464648433,2024-10-09T12:04:08.433,40.45000000000,0.99782443000,-0.06476837400,0.01203972400,0.00255292840
etaWear,FEAC84C53DE7,1728464648443,2024-10-09T12:04:08.443,40.46000000000,0.99782443000,-0.06476837400,0.01203972400,0.00255292840
etaWear,FEAC84C53DE7,1728464648453,2024-10-09T12:04:08.453,40.47000000000,0.99782443000,-0.06476837400,0.01203972400,0.00255292840
etaWear,FEAC84C53DE7,1728464648513,2024-10-09T12:04:08.513,40.53000000000,0.99782443000,-0.06476837400,0.01203972400,0.00255292840
etaWear,FEAC84C53DE7,1728464648523,2024-10-09T12:04:08.523,40.54000000000,0.99782443000,-0.06476837400,0.01203972400,0.00255292840
etaWear,FEAC84C53DE7,1728464648533,2024-10-09T12:04:08.533,40.55000000000,0.99782443000,-0.06476837400,0.01203972400,0.00255292840
etaWear,FEAC84C53DE7,1728464648543,2024-10-09T12:04:08.543,40.56000000000,0.99782443000,-0.06476837400,0.01203972400,0.00255292840
etaWear,FEAC84C53DE7,1728464648553,2024-10-09T12:04:08.553,40.57000000000,0.99782443000,-0.06476837400,0.01203972400,0.00255292840
etaWear,FEAC84C53DE7,1728464648563,2024-10-09T12:04:08.563,40.58000000000,0.99782443000,-0.06476837400,0.01203972400,0.00255292840
etaWear,FEAC84C53DE7,1728464648583,2024-10-09T12:04:08.583,40.60000000000,0.99782443000,-0.06476837400,0.01203972400,0.00255292840
etaWear,FEAC84C53DE7,1728464648593,2024-10-09T12:04:08.593,40.61000000000,0.99782443000,-0.06476837400,0.01203972400,0.00255292840
etaWear,FEAC84C53DE7,1728464648603,2024-10-09T12:04:08.603,40.62000000000,0.99782443000,-0.06476837400,0.01203972400,0.00255292840
etaWear,FEAC84C53DE7,1728464648613,2024-10-09T12:04:08.613,40.63000000000,0.99782443000,-0.06476837400,0.01203972400,0.00255292840
etaWear,FEAC84C53DE7,1728464648623,2024-10-09T12:04:08.623,40.64000000000,0.99782443000,-0.06476837400,0.01203972400,0.00255292840
etaWear,FEAC84C53DE7,1728464648633,2024-10-09T12:04:08.633,40.65000000000,0.99782443000,-0.06476837400,0.01203972400,0.00255292840
etaWear,FEAC84C53DE7,1728464648643,2024-10-09T12:04:08.643,40.66000000000,0.99782443000,-0.06476837400,0.01203972400,0.00255292840
etaWear,FEAC84C53DE7,1728464648663,2024-10-09T12:04:08.663,40.68000000000,0.99782443000,-0.06476837400,0.01203972400,0.00255292840
etaWear,FEAC84C53DE7,1728464648673,2024-10-09T12:04:08.673,40.69000000000,0.99782443000,-0.06476837400,0.01203972400,0.00255292840
etaWear,FEAC84C53DE7,1728464648683,2024-10-09T12:04:08.683,40.70000000000,0.99782443000,-0.06476837400,0.01203972400,0.00255292840
etaWear,FEAC84C53DE7,1728464648693,2024-10-09T12:04:08.693,40.71000000000,0.99782443000,-0.06476837400,0.01203972400,0.00255292840
etaWear,FEAC84C53DE7,1728464648703,2024-10-09T12:04:08.703,40.72000000000,0.99782443000,-0.06476837400,0.01203972400,0.00255292840
etaWear,FEAC84C53DE7,1728464648713,2024-10-09T12:04:08.713,40.73000000000,0.99782443000,-0.06476837400,0.01203972400,0.00255292840
etaWear,FEAC84C53DE7,1728464648723,2024-10-09T12:04:08.723,40.74000000000,0.99782443000,-0.06476837400,0.01203972400,0.00255292840
etaWear,FEAC84C53DE7,1728464648743,2024-10-09T12:04:08.743,40.76000000000,0.99782443000,-0.06476837400,0.01203972400,0.00255292840
etaWear,FEAC84C53DE7,1728464648753,2024-10-09T12:04:08.753,40.77000000000,0.99782443000,-0.06476837400,0.01203972400,0.00255292840
etaWear,FEAC84C53DE7,1728464648763,2024-10-09T12:04:08.763,40.78000000000,0.99782443000,-0.06476837400,0.01203972400,0.00255292840
etaWear,FEAC84C53DE7,1728464648773,2024-10-09T12:04:08.773,40.79000000000,0.99782443000,-0.06476837400,0.01203972400,0.00255292840
etaWear,FEAC84C53DE7,1728464648783,2024-10-09T12:04:08.783,40.80000000000,0.99782443000,-0.06476837400,0.01203972400,0.00255292840
MetaWear,FEAC84C53DE7,1728464648793,2024-10-09T12:04:08.793,40.81000000000,0.99782443000,-0.06476837400,0.01203972400,0.00255292840
etaWear,FEAC84C53DE7,1728464648803,2024-10-09T12:04:08.803,40.82000000000,0.99782443000,-0.06476837400,0.01203972400,0.00255292840
etaWear,FEAC84C53DE7,1728464648823,2024-10-09T12:04:08.823,40.84000000000,0.99782443000,-0.06476837400,0.01203972400,0.00255292840
etaWear,FEAC84C53DE7,1728464648833,2024-10-09T12:04:08.833,40.85000000000,0.99782443000,-0.06476837400,0.01203972400,0.00255292840
etaWear,FEAC84C53DE7,1728464648843,2024-10-09T12:04:08.843,40.86000000000,0.99782443000,-0.06476837400,0.01203972400,0.00255292840
etaWear,FEAC84C53DE7,1728464648853,2024-10-09T12:04:08.853,40.87000000000,0.99782443000,-0.06476837400,0.01203972400,0.00255292840
etaWear,FEAC84C53DE7,1728464648863,2024-10-09T12:04:08.863,40.88000000000,0.99782443000,-0.06476837400,0.01203972400,0.00255292840
etaWear,FEAC84C53DE7,1728464648873,2024-10-09T12:04:08.873,40.89000000000,0.99782443000,-0.06476837400,0.01203972400,0.00255292840
etaWear,FEAC84C53DE7,1728464648883,2024-10-09T12:04:08.883,40.90000000000,0.99782443000,-0.06476837400,0.01203972400,0.00255292840
etaWear,FEAC84C53DE7,1728464648903,2024-10-09T12:04:08.903,40.92000000000,0.99782443000,-0.06476837400,0.01203972400,0.00255292840
etaWear,FEAC84C53DE7,1728464648913,2024-10-09T12:04:08.913,40.93000000000,0.99782443000,-0.06476837400,0.01203972400,0.00255292840
etaWear,FEAC84C53DE7,1728464648923,2024-10-09T12:04:08.923,40.94000000000,0.99782443000,-0.06476837400,0.01203972400,0.00255292840
etaWear,FEAC84C53DE7,1728464648933,2024-10-09T12:04:08.933,40.95000000000,0.99782443000,-0.06476837400,0.01203972400,0.00255292840
etaWear,FEAC84C53DE7,1728464648943,2024-10-09T12:04:08.943,40.96000000000,0.99782443000,-0.06476837400,0.01203972400,0.00255292840
etaWear,FEAC84C53DE7,1728464648953,2024-10-09T12:04:08.953,40.97000000000,0.99782443000,-0.06476837400,0.01203972400,0.00255292840
etaWear,FEAC84C53DE7,1728464648983,2024-10-09T12:04:08.983,41.00000000000,0.99782443000,-0.06476837400,0.01203972400,0.00255292840
etaWear,FEAC84C53DE7,1728464648993,2024-10-09T12:04:08.993,41.01000000000,0.99782443000,-0.06476837400,0.01203972400,0.00255292840
etaWear,FEAC84C53DE7,1728464649003,2024-10-09T12:04:09.003,41.02000000000,0.99782443000,-0.06476837400,0.01203972400,0.00255292840
etaWear,FEAC84C53DE7,1728464649013,2024-10-09T12:04:09.013,41.03000000000,0.99782443000,-0.06476837400,0.01203972400,0.00255292840
etaWear,FEAC84C53DE7,1728464649023,2024-10-09T12:04:09.023,41.04000000000,0.99782443000,-0.06476837400,0.01203972400,0.00255292840
etaWear,FEAC84C53DE7,1728464649033,2024-10-09T12:04:09.033,41.05000000000,0.99782443000,-0.06476837400,0.01203972400,0.00255292840
etaWear,FEAC84C53DE7,1728464649043,2024-10-09T12:04:09.043,41.06000000000,0.99782443000,-0.06476837400,0.01203972400,0.00255292840
etaWear,FEAC84C53DE7,1728464649063,2024-10-09T12:04:09.063,41.08000000000,0.99782443000,-0.06476837400,0.01203972400,0.00255292840
etaWear,FEAC84C53DE7,1728464649073,2024-10-09T12:04:09.073,41.09000000000,0.99782443000,-0.06476837400,0.01203972400,0.00255292840
etaWear,FEAC84C53DE7,1728464649083,2024-10-09T12:04:09.083,41.10000000000,0.99782443000,-0.06476837400,0.01203972400,0.00255292840
etaWear,FEAC84C53DE7,1728464649093,2024-10-09T12:04:09.093,41.11000000000,0.99782443000,-0.06476837400,0.01203972400,0.00255292840
etaWear,FEAC84C53DE7,1728464649103,2024-10-09T12:04:09.103,41.12000000000,0.99782443000,-0.06476837400,0.01203972400,0.00255292840
etaWear,FEAC84C53DE7,1728464649113,2024-10-09T12:04:09.113,41.13000000000,0.99782443000,-0.06476837400,0.01203972400,0.00255292840
etaWear,FEAC84C53DE7,1728464649123,2024-10-09T12:04:09.123,41.14000000000,0.99782443000,-0.06476837400,0.01203972400,0.00255292840
etaWear,FEAC84C53DE7,1728464649143,2024-10-09T12:04:09.143,41.16000000000,0.99782443000,-0.06476837400,0.01203972400,0.00255292840
etaWear,FEAC84C53DE7,1728464649153,2024-10-09T12:04:09.153,41.17000000000,0.99782443000,-0.06476837400,0.01203972400,0.00255292840
etaWear,FEAC84C53DE7,1728464649163,2024-10-09T12:04:09.163,41.18000000000,0.99782443000,-0.06476837400,0.01203972400,0.00255292840
etaWear,FEAC84C53DE7,1728464649173,2024-10-09T12:04:09.173,41.19000000000,0.99782443000,-0.06476837400,0.01203972400,0.00255292840
etaWear,FEAC84C53DE7,1728464649183,2024-10-09T12:04:09.183,41.20000000000,0.99782443000,-0.06476837400,0.01203972400,0.00255292840
MetaWear,FEAC84C53DE7,1728464649193,2024-10-09T12:04:09.193,41.21000000000,0.99782443000,-0.06476837400,0.01203972400,0.00255292840
etaWear,FEAC84C53DE7,1728464649203,2024-10-09T12:04:09.203,41.22000000000,0.99782443000,-0.06476837400,0.01203972400,0.00255292840
etaWear,FEAC84C53DE7,1728464649223,2024-10-09T12:04:09.223,41.24000000000,0.99782443000,-0.06476837400,0.01203972400,0.00255292840
etaWear,FEAC84C53DE7,1728464649233,2024-10-09T12:04:09.233,41.25000000000,0.99782443000,-0.06476837400,0.01203972400,0.00255292840
etaWear,FEAC84C53DE7,1728464649243,2024-10-09T12:04:09.243,41.26000000000,0.99782443000,-0.06476837400,0.01203972400,0.00255292840
etaWear,FEAC84C53DE7,1728464649253,2024-10-09T12:04:09.253,41.27000000000,0.99782443000,-0.06476837400,0.01203972400,0.00255292840
etaWear,FEAC84C53DE7,1728464649263,2024-10-09T12:04:09.263,41.28000000000,0.99782443000,-0.06476837400,0.01203972400,0.00255292840
etaWear,FEAC84C53DE7,1728464649273,2024-10-09T12:04:09.273,41.29000000000,0.99782443000,-0.06476837400,0.01203972400,0.00255292840
etaWear,FEAC84C53DE7,1728464649283,2024-10-09T12:04:09.283,41.30000000000,0.99782443000,-0.06476837400,0.01203972400,0.00255292840
etaWear,FEAC84C53DE7,1728464649303,2024-10-09T12:04:09.303,41.32000000000,0.99782443000,-0.06476837400,0.01203972400,0.00255292840
etaWear,FEAC84C53DE7,1728464649313,2024-10-09T12:04:09.313,41.33000000000,0.99782443000,-0.06476837400,0.01203972400,0.00255292840
etaWear,FEAC84C53DE7,1728464649323,2024-10-09T12:04:09.323,41.34000000000,0.99782443000,-0.06476837400,0.01203972400,0.00255292840
etaWear,FEAC84C53DE7,1728464649333,2024-10-09T12:04:09.333,41.35000000000,0.99782443000,-0.06476837400,0.01203972400,0.00255292840
etaWear,FEAC84C53DE7,1728464649343,2024-10-09T12:04:09.343,41.36000000000,0.99782443000,-0.06476837400,0.01203972400,0.00255292840
etaWear,FEAC84C53DE7,1728464649353,2024-10-09T12:04:09.353,41.37000000000,0.99782443000,-0.06476837400,0.01203972400,0.00255292840
etaWear,FEAC84C53DE7,1728464649363,2024-10-09T12:04:09.363,41.38000000000,0.99782443000,-0.06476837400,0.01203972400,0.00255292840
etaWear,FEAC84C53DE7,1728464649383,2024-10-09T12:04:09.383,41.40000000000,0.99782443000,-0.06476837400,0.01203972400,0.00255292840
etaWear,FEAC84C53DE7,1728464649393,2024-10-09T12:04:09.393,41.41000000000,0.99782443000,-0.06476837400,0.01203972400,0.00255292840
etaWear,FEAC84C53DE7,1728464649403,2024-10-09T12:04:09.403,41.42000000000,0.99782443000,-0.06476837400,0.01203972400,0.00255292840
etaWear,FEAC84C53DE7,1728464649413,2024-10-09T12:04:09.413,41.43000000000,0.99782443000,-0.06476837400,0.01203972400,0.00255292840
etaWear,FEAC84C53DE7,1728464649423,2024-10-09T12:04:09.423,41.44000000000,0.99782443000,-0.06476837400,0.01203972400,0.00255292840
etaWear,FEAC84C53DE7,1728464649433,2024-10-09T12:04:09.433,41.45000000000,0.99782443000,-0.06476837400,0.01203972400,0.00255292840
etaWear,FEAC84C53DE7,1728464649443,2024-10-09T12:04:09.443,41.46000000000,0.99782443000,-0.06476837400,0.01203972400,0.00255292840
etaWear,FEAC84C53DE7,1728464649463,2024-10-09T12:04:09.463,41.48000000000,0.99782443000,-0.06476837400,0.01203972400,0.00255292840
etaWear,FEAC84C53DE7,1728464649473,2024-10-09T12:04:09.473,41.49000000000,0.99782443000,-0.06476837400,0.01203972400,0.00255292840
etaWear,FEAC84C53DE7,1728464649593,2024-10-09T12:04:09.593,41.61000000000,0.99782443000,-0.06476837400,0.01203972400,0.00255292840
etaWear,FEAC84C53DE7,1728464649603,2024-10-09T12:04:09.603,41.62000000000,0.99782443000,-0.06476837400,0.01203972400,0.00255292840
etaWear,FEAC84C53DE7,1728464649623,2024-10-09T12:04:09.623,41.64000000000,0.99782443000,-0.06476837400,0.01203972400,0.00255292840
etaWear,FEAC84C53DE7,1728464649633,2024-10-09T12:04:09.633,41.65000000000,0.99782443000,-0.06476837400,0.01203972400,0.00255292840
etaWear,FEAC84C53DE7,1728464649643,2024-10-09T12:04:09.643,41.66000000000,0.99782443000,-0.06476837400,0.01203972400,0.00255292840
etaWear,FEAC84C53DE7,1728464649653,2024-10-09T12:04:09.653,41.67000000000,0.99782443000,-0.06476837400,0.01203972400,0.00255292840
etaWear,FEAC84C53DE7,1728464649663,2024-10-09T12:04:09.663,41.68000000000,0.99782443000,-0.06476837400,0.01203972400,0.00255292840
etaWear,FEAC84C53DE7,1728464649673,2024-10-09T12:04:09.673,41.69000000000,0.99782443000,-0.06476837400,0.01203972400,0.00255292840
etaWear,FEAC84C53DE7,1728464649683,2024-10-09T12:04:09.683,41.70000000000,0.99782443000,-0.06476837400,0.01203972400,0.00255292840
etaWear,FEAC84C53DE7,1728464649693,2024-10-09T12:04:09.693,41.71000000000,0.99782443000,-0.06476837400,0.01203972400,0.00255292840
etaWear,FEAC84C53DE7,1728464649713,2024-10-09T12:04:09.713,41.73000000000,0.99782443000,-0.06476837400,0.01203972400,0.00255292840
etaWear,FEAC84C53DE7,1728464649723,2024-10-09T12:04:09.723,41.74000000000,0.99782443000,-0.06476837400,0.01203972400,0.00255292840
etaWear,FEAC84C53DE7,1728464649733,2024-10-09T12:04:09.733,41.75000000000,0.99782443000,-0.06476837400,0.01203972400,0.00255292840
etaWear,FEAC84C53DE7,1728464649753,2024-10-09T12:04:09.753,41.77000000000,0.99782443000,-0.06476837400,0.01203972400,0.00255292840
etaWear,FEAC84C53DE7,1728464649763,2024-10-09T12:04:09.763,41.78000000000,0.99782443000,-0.06476837400,0.01203972400,0.00255292840
etaWear,FEAC84C53DE7,1728464649773,2024-10-09T12:04:09.773,41.79000000000,0.99782443000,-0.06476837400,0.01203972400,0.00255292840
etaWear,FEAC84C53DE7,1728464649803,2024-10-09T12:04:09.803,41.82000000000,0.99782443000,-0.06476837400,0.01203972400,0.00255292840
etaWear,FEAC84C53DE7,1728464649813,2024-10-09T12:04:09.813,41.83000000000,0.99782443000,-0.06476837400,0.01203972400,0.00255292840
etaWear,FEAC84C53DE7,1728464649823,2024-10-09T12:04:09.823,41.84000000000,0.99782443000,-0.06476837400,0.01203972400,0.00255292840
etaWear,FEAC84C53DE7,1728464649833,2024-10-09T12:04:09.833,41.85000000000,0.99782443000,-0.06476837400,0.01203972400,0.00255292840
etaWear,FEAC84C53DE7,1728464649843,2024-10-09T12:04:09.843,41.86000000000,0.99782443000,-0.06476837400,0.01203972400,0.00255292840
etaWear,FEAC84C53DE7,1728464649853,2024-10-09T12:04:09.853,41.87000000000,0.99782443000,-0.06476837400,0.01203972400,0.00255292840
etaWear,FEAC84C53DE7,1728464649873,2024-10-09T12:04:09.873,41.89000000000,0.99782443000,-0.06476837400,0.01203972400,0.00255292840
etaWear,FEAC84C53DE7,1728464650033,2024-10-09T12:04:10.033,42.05000000000,0.99782443000,-0.06476837400,0.01203972400,0.00255292840
etaWear,FEAC84C53DE7,1728464650043,2024-10-09T12:04:10.043,42.06000000000,0.99782443000,-0.06476837400,0.01203972400,0.00255292840
etaWear,FEAC84C53DE7,1728464650053,2024-10-09T12:04:10.053,42.07000000000,0.99782443000,-0.06476837400,0.01203972400,0.00255292840
etaWear,FEAC84C53DE7,1728464650063,2024-10-09T12:04:10.063,42.08000000000,0.99782443000,-0.06476837400,0.01203972400,0.00255292840
etaWear,FEAC84C53DE7,1728464650073,2024-10-09T12:04:10.073,42.09000000000,0.99782443000,-0.06476837400,0.01203972400,0.00255292840
etaWear,FEAC84C53DE7,1728464650083,2024-10-09T12:04:10.083,42.10000000000,0.99782443000,-0.06476837400,0.01203972400,0.00255292840
etaWear,FEAC84C53DE7,1728464650093,2024-10-09T12:04:10.093,42.11000000000,0.99782443000,-0.06476837400,0.01203972400,0.00255292840
etaWear,FEAC84C53DE7,1728464650113,2024-10-09T12:04:10.113,42.13000000000,0.99782443000,-0.06476837400,0.01203972400,0.00255292840
etaWear,FEAC84C53DE7,1728464650123,2024-10-09T12:04:10.123,42.14000000000,0.99782443000,-0.06476837400,0.01203972400,0.00255292840
etaWear,FEAC84C53DE7,1728464650133,2024-10-09T12:04:10.133,42.15000000000,0.99782443000,-0.06476837400,0.01203972400,0.00255292840
etaWear,FEAC84C53DE7,1728464650143,2024-10-09T12:04:10.143,42.16000000000,0.99782443000,-0.06476837400,0.01203972400,0.00255292840
etaWear,FEAC84C53DE7,1728464650153,2024-10-09T12:04:10.153,42.17000000000,0.99782443000,-0.06476837400,0.01203972400,0.00255292840
etaWear,FEAC84C53DE7,1728464650163,2024-10-09T12:04:10.163,42.18000000000,0.99782443000,-0.06476837400,0.01203972400,0.00255292840
etaWear,FEAC84C53DE7,1728464650173,2024-10-09T12:04:10.173,42.19000000000,0.99782443000,-0.06476837400,0.01203972400,0.00255292840
etaWear,FEAC84C53DE7,1728464650193,2024-10-09T12:04:10.193,42.21000000000,0.99782443000,-0.06476837400,0.01203972400,0.00255292840
etaWear,FEAC84C53DE7,1728464650203,2024-10-09T12:04:10.203,42.22000000000,0.99782443000,-0.06476837400,0.01203972400,0.00255292840
etaWear,FEAC84C53DE7,1728464650213,2024-10-09T12:04:10.213,42.23000000000,0.99782443000,-0.06476837400,0.01203972400,0.00255292840
etaWear,FEAC84C53DE7,1728464650223,2024-10-09T12:04:10.223,42.24000000000,0.99782443000,-0.06476837400,0.01203972400,0.00255292840
etaWear,FEAC84C53DE7,1728464650233,2024-10-09T12:04:10.233,42.25000000000,0.99782443000,-0.06476837400,0.01203972400,0.00255292840
etaWear,FEAC84C53DE7,1728464650243,2024-10-09T12:04:10.243,42.26000000000,0.99782443000,-0.06476837400,0.01203972400,0.00255292840
etaWear,FEAC84C53DE7,1728464650273,2024-10-09T12:04:10.273,42.29000000000,0.99782443000,-0.06476837400,0.01203972400,0.00255292840
etaWear,FEAC84C53DE7,1728464650283,2024-10-09T12:04:10.283,42.30000000000,0.99782443000,-0.06476837400,0.01203972400,0.00255292840
etaWear,FEAC84C53DE7,1728464650323,2024-10-09T12:04:10.323,42.34000000000,0.99782443000,-0.06476837400,0.01203972400,0.00255292840
etaWear,FEAC84C53DE7,1728464650333,2024-10-09T12:04:10.333,42.35000000000,0.99782443000,-0.06476837400,0.01203972400,0.00255292840
etaWear,FEAC84C53DE7,1728464650353,2024-10-09T12:04:10.353,42.37000000000,0.99782443000,-0.06476837400,0.01203972400,0.00255292840
etaWear,FEAC84C53DE7,1728464650363,2024-10-09T12:04:10.363,42.38000000000,0.99782443000,-0.06476837400,0.01203972400,0.00255292840
etaWear,FEAC84C53DE7,1728464650373,2024-10-09T12:04:10.373,42.39000000000,0.99782443000,-0.06476837400,0.01203972400,0.00255292840
etaWear,FEAC84C53DE7,1728464650383,2024-10-09T12:04:10.383,42.40000000000,0.99782443000,-0.06476837400,0.01203972400,0.00255292840
etaWear,FEAC84C53DE7,1728464650393,2024-10-09T12:04:10.393,42.41000000000,0.99782443000,-0.06476837400,0.01203972400,0.00255292840
etaWear,FEAC84C53DE7,1728464650403,2024-10-09T12:04:10.403,42.42000000000,0.99782443000,-0.06476837400,0.01203972400,0.00255292840
etaWear,FEAC84C53DE7,1728464650413,2024-10-09T12:04:10.413,42.43000000000,0.99782443000,-0.06476837400,0.01203972400,0.00255292840
etaWear,FEAC84C53DE7,1728464650433,2024-10-09T12:04:10.433,42.45000000000,0.99782443000,-0.06476837400,0.01203972400,0.00255292840
etaWear,FEAC84C53DE7,1728464650443,2024-10-09T12:04:10.443,42.46000000000,0.99782443000,-0.06476837400,0.01203972400,0.00255292840
etaWear,FEAC84C53DE7,1728464650453,2024-10-09T12:04:10.453,42.47000000000,0.99782443000,-0.06476837400,0.01203972400,0.00255292840
etaWear,FEAC84C53DE7,1728464650463,2024-10-09T12:04:10.463,42.48000000000,0.99782443000,-0.06476837400,0.01203972400,0.00255292840
etaWear,FEAC84C53DE7,1728464650473,2024-10-09T12:04:10.473,42.49000000000,0.99782443000,-0.06476837400,0.01203972400,0.00255292840
etaWear,FEAC84C53DE7,1728464650483,2024-10-09T12:04:10.483,42.50000000000,0.99782443000,-0.06476837400,0.01203972400,0.00255292840
etaWear,FEAC84C53DE7,1728464650493,2024-10-09T12:04:10.493,42.51000000000,0.99782443000,-0.06476837400,0.01203972400,0.00255292840
etaWear,FEAC84C53DE7,1728464650513,2024-10-09T12:04:10.513,42.53000000000,0.99782443000,-0.06476837400,0.01203972400,0.00255292840
etaWear,FEAC84C53DE7,1728464650523,2024-10-09T12:04:10.523,42.54000000000,0.99782443000,-0.06476837400,0.01203972400,0.00255292840
etaWear,FEAC84C53DE7,1728464650533,2024-10-09T12:04:10.533,42.55000000000,0.99782443000,-0.06476837400,0.01203972400,0.00255292840
etaWear,FEAC84C53DE7,1728464650543,2024-10-09T12:04:10.543,42.56000000000,0.99782443000,-0.06476837400,0.01203972400,0.00255292840
etaWear,FEAC84C53DE7,1728464650553,2024-10-09T12:04:10.553,42.57000000000,0.99782443000,-0.06476837400,0.01203972400,0.00255292840
etaWear,FEAC84C53DE7,1728464650563,2024-10-09T12:04:10.563,42.58000000000,0.99782443000,-0.06476837400,0.01203972400,0.00255292840
etaWear,FEAC84C53DE7,1728464650573,2024-10-09T12:04:10.573,42.59000000000,0.99782443000,-0.06476837400,0.01203972400,0.00255292840
etaWear,FEAC84C53DE7,1728464650593,2024-10-09T12:04:10.593,42.61000000000,0.99782443000,-0.06476837400,0.01203972400,0.00255292840
etaWear,FEAC84C53DE7,1728464650603,2024-10-09T12:04:10.603,42.62000000000,0.99782443000,-0.06476837400,0.01203972400,0.00255292840
etaWear,FEAC84C53DE7,1728464650613,2024-10-09T12:04:10.613,42.63000000000,0.99782443000,-0.06476837400,0.01203972400,0.00255292840
MetaWear,FEAC84C53DE7,1728464650733,2024-10-09T12:04:10.733,42.75000000000,0.99782443000,-0.06476837400,0.01203972400,0.00255292840
etaWear,FEAC84C53DE7,1728464650753,2024-10-09T12:04:10.753,42.77000000000,0.99782443000,-0.06476837400,0.01203972400,0.00255292840
etaWear,FEAC84C53DE7,1728464650763,2024-10-09T12:04:10.763,42.78000000000,0.99782443000,-0.06476837400,0.01203972400,0.00255292840
etaWear,FEAC84C53DE7,1728464650773,2024-10-09T12:04:10.773,42.79000000000,0.99782443000,-0.06476837400,0.01203972400,0.00255292840
etaWear,FEAC84C53DE7,1728464650783,2024-10-09T12:04:10.783,42.80000000000,0.99782443000,-0.06476837400,0.01203972400,0.00255292840
etaWear,FEAC84C53DE7,1728464650793,2024-10-09T12:04:10.793,42.81000000000,0.99782443000,-0.06476837400,0.01203972400,0.00255292840
etaWear,FEAC84C53DE7,1728464650803,2024-10-09T12:04:10.803,42.82000000000,0.99782443000,-0.06476837400,0.01203972400,0.00255292840
etaWear,FEAC84C53DE7,1728464650813,2024-10-09T12:04:10.813,42.83000000000,0.99782443000,-0.06476837400,0.01203972400,0.00255292840
etaWear,FEAC84C53DE7,1728464650843,2024-10-09T12:04:10.843,42.86000000000,0.99782443000,-0.06476837400,0.01203972400,0.00255292840
etaWear,FEAC84C53DE7,1728464650853,2024-10-09T12:04:10.853,42.87000000000,0.99782443000,-0.06476837400,0.01203972400,0.00255292840
etaWear,FEAC84C53DE7,1728464650863,2024-10-09T12:04:10.863,42.88000000000,0.99782443000,-0.06476837400,0.01203972400,0.00255292840
etaWear,FEAC84C53DE7,1728464650873,2024-10-09T12:04:10.873,42.89000000000,0.99782443000,-0.06476837400,0.01203972400,0.00255292840
etaWear,FEAC84C53DE7,1728464650883,2024-10-09T12:04:10.883,42.90000000000,0.99782443000,-0.06476837400,0.01203972400,0.00255292840
etaWear,FEAC84C53DE7,1728464650893,2024-10-09T12:04:10.893,42.91000000000,0.99782443000,-0.06476837400,0.01203972400,0.00255292840
etaWear,FEAC84C53DE7,1728464650913,2024-10-09T12:04:10.913,42.93000000000,0.99782443000,-0.06476837400,0.01203972400,0.00255292840
etaWear,FEAC84C53DE7,1728464650923,2024-10-09T12:04:10.923,42.94000000000,0.99782443000,-0.06476837400,0.01203972400,0.00255292840
etaWear,FEAC84C53DE7,1728464650933,2024-10-09T12:04:10.933,42.95000000000,0.99782443000,-0.06476837400,0.01203972400,0.00255292840
etaWear,FEAC84C53DE7,1728464650943,2024-10-09T12:04:10.943,42.96000000000,0.99782443000,-0.06476837400,0.01203972400,0.00255292840
etaWear,FEAC84C53DE7,1728464650953,2024-10-09T12:04:10.953,42.97000000000,0.99782443000,-0.06476837400,0.01203972400,0.00255292840
etaWear,FEAC84C53DE7,1728464650963,2024-10-09T12:04:10.963,42.98000000000,0.99782443000,-0.06476837400,0.01203972400,0.00255292840
etaWear,FEAC84C53DE7,1728464650973,2024-10-09T12:04:10.973,42.99000000000,0.99782443000,-0.06476837400,0.01203972400,0.00255292840
etaWear,FEAC84C53DE7,1728464650983,2024-10-09T12:04:10.983,43.00000000000,0.99782443000,-0.06476837400,0.01203972400,0.00255292840
etaWear,FEAC84C53DE7,1728464651003,2024-10-09T12:04:11.003,43.02000000000,0.99782443000,-0.06476837400,0.01203972400,0.00255292840
etaWear,FEAC84C53DE7,1728464651163,2024-10-09T12:04:11.163,43.18000000000,0.99782443000,-0.06476837400,0.01203972400,0.00255292840
etaWear,FEAC84C53DE7,1728464651173,2024-10-09T12:04:11.173,43.19000000000,0.99782443000,-0.06476837400,0.01203972400,0.00255292840
etaWear,FEAC84C53DE7,1728464651183,2024-10-09T12:04:11.183,43.20000000000,0.99782443000,-0.06476837400,0.01203972400,0.00255292840
etaWear,FEAC84C53DE7,1728464651193,2024-10-09T12:04:11.193,43.21000000000,0.99782443000,-0.06476837400,0.01203972400,0.00255292840
etaWear,FEAC84C53DE7,1728464651203,2024-10-09T12:04:11.203,43.22000000000,0.99782443000,-0.06476837400,0.01203972400,0.00255292840
etaWear,FEAC84C53DE7,1728464651213,2024-10-09T12:04:11.213,43.23000000000,0.99782443000,-0.06476837400,0.01203972400,0.00255292840
etaWear,FEAC84C53DE7,1728464651223,2024-10-09T12:04:11.223,43.24000000000,0.99782443000,-0.06476837400,0.01203972400,0.00255292840
etaWear,FEAC84C53DE7,1728464651243,2024-10-09T12:04:11.243,43.26000000000,0.99782443000,-0.06476837400,0.01203972400,0.00255292840
etaWear,FEAC84C53DE7,1728464651253,2024-10-09T12:04:11.253,43.27000000000,0.99782443000,-0.06476837400,0.01203972400,0.00255292840
etaWear,FEAC84C53DE7,1728464651263,2024-10-09T12:04:11.263,43.28000000000,0.99782443000,-0.06476837400,0.01203972400,0.00255292840
etaWear,FEAC84C53DE7,1728464651273,2024-10-09T12:04:11.273,43.29000000000,0.99782443000,-0.06476837400,0.01203972400,0.00255292840
etaWear,FEAC84C53DE7,1728464651283,2024-10-09T12:04:11.283,43.30000000000,0.99782443000,-0.06476837400,0.01203972400,0.00255292840
etaWear,FEAC84C53DE7,1728464651303,2024-10-09T12:04:11.303,43.32000000000,0.99782443000,-0.06476837400,0.01203972400,0.00255292840
etaWear,FEAC84C53DE7,1728464651323,2024-10-09T12:04:11.323,43.34000000000,0.99782443000,-0.06476837400,0.01203972400,0.00255292840
etaWear,FEAC84C53DE7,1728464651333,2024-10-09T12:04:11.333,43.35000000000,0.99782443000,-0.06476837400,0.01203972400,0.00255292840
etaWear,FEAC84C53DE7,1728464651343,2024-10-09T12:04:11.343,43.36000000000,0.99782443000,-0.06476837400,0.01203972400,0.00255292840
etaWear,FEAC84C53DE7,1728464651353,2024-10-09T12:04:11.353,43.37000000000,0.99782443000,-0.06476837400,0.01203972400,0.00255292840
etaWear,FEAC84C53DE7,1728464651363,2024-10-09T12:04:11.363,43.38000000000,0.99782443000,-0.06476837400,0.01203972400,0.00255292840
etaWear,FEAC84C53DE7,1728464651373,2024-10-09T12:04:11.373,43.39000000000,0.99782443000,-0.06476837400,0.01203972400,0.00255292840
etaWear,FEAC84C53DE7,1728464651383,2024-10-09T12:04:11.383,43.40000000000,0.99782443000,-0.06476837400,0.01203972400,0.00255292840
etaWear,FEAC84C53DE7,1728464651163,2024-10-09T12:04:11.163,43.18000000000,0.99782443000,-0.06476837400,0.01203972400,0.00255292840
etaWear,FEAC84C53DE7,1728464651173,2024-10-09T12:04:11.173,43.19000000000,0.99782443000,-0.06476837400,0.01203972400,0.00255292840
etaWear,FEAC84C53DE7,1728464651183,2024-10-09T12:04:11.183,43.20000000000,0.99782443000,-0.06476837400,0.01203972400,0.00255292840
etaWear,FEAC84C53DE7,1728464651193,2024-10-09T12:04:11.193,43.21000000000,0.99782443000,-0.06476837400,0.01203972400,0.00255292840
etaWear,FEAC84C53DE7,1728464651203,2024-10-09T12:04:11.203,43.22000000000,0.99782443000,-0.06476837400,0.01203972400,0.00255292840
etaWear,FEAC84C53DE7,1728464651213,2024-10-09T12:04:11.213,43.23000000000,0.99782443000,-0.06476837400,0.01203972400,0.00255292840
etaWear,FEAC84C53DE7,1728464651223,2024-10-09T12:04:11.223,43.24000000000,0.99782443000,-0.06476837400,0.01203972400,0.00255292840
etaWear,FEAC84C53DE7,1728464651243,2024-10-09T12:04:11.243,43.26000000000,0.99782443000,-0.06476837400,0.01203972400,0.00255292840
etaWear,FEAC84C53DE7,1728464651253,2024-10-09T12:04:11.253,43.27000000000,0.99782443000,-0.06476837400,0.01203972400,0.00255292840
etaWear,FEAC84C53DE7,1728464651263,2024-10-09T12:04:11.263,43.28000000000,0.99782443000,-0.06476837400,0.01203972400,0.00255292840
etaWear,FEAC84C53DE7,1728464651273,2024-10-09T12:04:11.273,43.29000000000,0.99782443000,-0.06476837400,0.01203972400,0.00255292840
etaWear,FEAC84C53DE7,1728464651283,2024-10-09T12:04:11.283,43.30000000000,0.99782443000,-0.06476837400,0.01203972400,0.00255292840
etaWear,FEAC84C53DE7,1728464651303,2024-10-09T12:04:11.303,43.32000000000,0.99782443000,-0.06476837400,0.01203972400,0.00255292840
etaWear,FEAC84C53DE7,1728464651323,2024-10-09T12:04:11.323,43.34000000000,0.99782443000,-0.06476837400,0.01203972400,0.00255292840
etaWear,FEAC84C53DE7,1728464651333,2024-10-09T12:04:11.333,43.35000000000,0.99782443000,-0.06476837400,0.01203972400,0.00255292840
etaWear,FEAC84C53DE7,1728464651343,2024-10-09T12:04:11.343,43.36000000000,0.99782443000,-0.06476837400,0.01203972400,0.00255292840
etaWear,FEAC84C53DE7,1728464651353,2024-10-09T12:04:11.353,43.37000000000,0.99782443000,-0.06476837400,0.01203972400,0.00255292840
etaWear,FEAC84C53DE7,1728464651363,2024-10-09T12:04:11.363,43.38000000000,0.99782443000,-0.06476837400,0.01203972400,0.00255292840
etaWear,FEAC84C53DE7,1728464651373,2024-10-09T12:04:11.373,43.39000000000,0.99782443000,-0.06476837400,0.01203972400,0.00255292840
etaWear,FEAC84C53DE7,1728464651383,2024-10-09T12:04:11.383,43.40000000000,0.99782443000,-0.06476837400,0.01203972400,0.00255292840
etaWear,FEAC84C53DE7,1728464651433,2024-10-09T12:04:11.433,43.45000000000,0.99782443000,-0.06476837400,0.01203972400,0.00255292840
etaWear,FEAC84C53DE7,1728464651443,2024-10-09T12:04:11.443,43.46000000000,0.99782443000,-0.06476837400,0.01203972400,0.00255292840
etaWear,FEAC84C53DE7,1728464651453,2024-10-09T12:04:11.453,43.47000000000,0.99782443000,-0.06476837400,0.01203972400,0.00255292840
etaWear,FEAC84C53DE7,1728464651463,2024-10-09T12:04:11.463,43.48000000000,0.99782443000,-0.06476837400,0.01203972400,0.00255292840
etaWear,FEAC84C53DE7,1728464651483,2024-10-09T12:04:11.483,43.50000000000,0.99782443000,-0.06476837400,0.01203972400,0.00255292840
etaWear,FEAC84C53DE7,1728464651493,2024-10-09T12:04:11.493,43.51000000000,0.99782443000,-0.06476837400,0.01203972400,0.00255292840
etaWear,FEAC84C53DE7,1728464651503,2024-10-09T12:04:11.503,43.52000000000,0.99782443000,-0.06476837400,0.01203972400,0.00255292840
etaWear,FEAC84C53DE7,1728464651523,2024-10-09T12:04:11.523,43.54000000000,0.99782443000,-0.06476837400,0.01203972400,0.00255292840
etaWear,FEAC84C53DE7,1728464651533,2024-10-09T12:04:11.533,43.55000000000,0.99782443000,-0.06476837400,0.01203972400,0.00255292840
etaWear,FEAC84C53DE7,1728464651543,2024-10-09T12:04:11.543,43.56000000000,0.99782443000,-0.06476837400,0.01203972400,0.00255292840
etaWear,FEAC84C53DE7,1728464651563,2024-10-09T12:04:11.563,43.58000000000,0.99782443000,-0.06476837400,0.01203972400,0.00255292840
etaWear,FEAC84C53DE7,1728464651573,2024-10-09T12:04:11.573,43.59000000000,0.99782443000,-0.06476837400,0.01203972400,0.00255292840
etaWear,FEAC84C53DE7,1728464651583,2024-10-09T12:04:11.583,43.60000000000,0.99782443000,-0.06476837400,0.01203972400,0.00255292840
etaWear,FEAC84C53DE7,1728464651593,2024-10-09T12:04:11.593,43.61000000000,0.99782443000,-0.06476837400,0.01203972400,0.00255292840
etaWear,FEAC84C53DE7,1728464651603,2024-10-09T12:04:11.603,43.62000000000,0.99782443000,-0.06476837400,0.01203972400,0.00255292840
etaWear,FEAC84C53DE7,1728464651613,2024-10-09T12:04:11.613,43.63000000000,0.99782443000,-0.06476837400,0.01203972400,0.00255292840
etaWear,FEAC84C53DE7,1728464651623,2024-10-09T12:04:11.623,43.64000000000,0.99782443000,-0.06476837400,0.01203972400,0.00255292840
etaWear,FEAC84C53DE7,1728464651643,2024-10-09T12:04:11.643,43.66000000000,0.99782443000,-0.06476837400,0.01203972400,0.00255292840
etaWear,FEAC84C53DE7,1728464651653,2024-10-09T12:04:11.653,43.67000000000,0.99782443000,-0.06476837400,0.01203972400,0.00255292840
etaWear,FEAC84C53DE7,1728464651663,2024-10-09T12:04:11.663,43.68000000000,0.99782443000,-0.06476837400,0.01203972400,0.00255292840
etaWear,FEAC84C53DE7,1728464651673,2024-10-09T12:04:11.673,43.69000000000,0.99782443000,-0.06476837400,0.01203972400,0.00255292840
etaWear,FEAC84C53DE7,1728464651683,2024-10-09T12:04:11.683,43.70000000000,0.99782443000,-0.06476837400,0.01203972400,0.00255292840
etaWear,FEAC84C53DE7,1728464651693,2024-10-09T12:04:11.693,43.71000000000,0.99782443000,-0.06476837400,0.01203972400,0.00255292840
etaWear,FEAC84C53DE7,1728464651703,2024-10-09T12:04:11.703,43.72000000000,0.99782443000,-0.06476837400,0.01203972400,0.00255292840
etaWear,FEAC84C53DE7,1728464651843,2024-10-09T12:04:11.843,43.86000000000,0.99782443000,-0.06476837400,0.01203972400,0.00255292840
etaWear,FEAC84C53DE7,1728464651853,2024-10-09T12:04:11.853,43.87000000000,0.99782443000,-0.06476837400,0.01203972400,0.00255292840
etaWear,FEAC84C53DE7,1728464651863,2024-10-09T12:04:11.863,43.88000000000,0.99782443000,-0.06476837400,0.01203972400,0.00255292840
etaWear,FEAC84C53DE7,1728464651883,2024-10-09T12:04:11.883,43.90000000000,0.99782443000,-0.06476837400,0.01203972400,0.00255292840
etaWear,FEAC84C53DE7,1728464651893,2024-10-09T12:04:11.893,43.91000000000,0.99782443000,-0.06476837400,0.01203972400,0.00255292840
etaWear,FEAC84C53DE7,1728464651903,2024-10-09T12:04:11.903,43.92000000000,0.99782443000,-0.06476837400,0.01203972400,0.00255292840
etaWear,FEAC84C53DE7,1728464651913,2024-10-09T12:04:11.913,43.93000000000,0.99782443000,-0.06476837400,0.01203972400,0.00255292840
etaWear,FEAC84C53DE7,1728464651923,2024-10-09T12:04:11.923,43.94000000000,0.99782443000,-0.06476837400,0.01203972400,0.00255292840
etaWear,FEAC84C53DE7,1728464651933,2024-10-09T12:04:11.933,43.95000000000,0.99782443000,-0.06476837400,0.01203972400,0.00255292840
etaWear,FEAC84C53DE7,1728464651943,2024-10-09T12:04:11.943,43.96000000000,0.99782443000,-0.06476837400,0.01203972400,0.00255292840
etaWear,FEAC84C53DE7,1728464651963,2024-10-09T12:04:11.963,43.98000000000,0.99782443000,-0.06476837400,0.01203972400,0.00255292840
etaWear,FEAC84C53DE7,1728464651973,2024-10-09T12:04:11.973,43.99000000000,0.99782443000,-0.06476837400,0.01203972400,0.00255292840
etaWear,FEAC84C53DE7,1728464651983,2024-10-09T12:04:11.983,44.00000000000,0.99782443000,-0.06476837400,0.01203972400,0.00255292840
etaWear,FEAC84C53DE7,1728464651993,2024-10-09T12:04:11.993,44.01000000000,0.99782443000,-0.06476837400,0.01203972400,0.00255292840
etaWear,FEAC84C53DE7,1728464652003,2024-10-09T12:04:12.003,44.02000000000,0.99782443000,-0.06476837400,0.01203972400,0.00255292840
etaWear,FEAC84C53DE7,1728464652013,2024-10-09T12:04:12.013,44.03000000000,0.99782443000,-0.06476837400,0.01203972400,0.00255292840
etaWear,FEAC84C53DE7,1728464652023,2024-10-09T12:04:12.023,44.04000000000,0.99782443000,-0.06476837400,0.01203972400,0.00255292840
etaWear,FEAC84C53DE7,1728464652043,2024-10-09T12:04:12.043,44.06000000000,0.99782443000,-0.06476837400,0.01203972400,0.00255292840
etaWear,FEAC84C53DE7,1728464652053,2024-10-09T12:04:12.053,44.07000000000,0.99782443000,-0.06476837400,0.01203972400,0.00255292840
etaWear,FEAC84C53DE7,1728464652063,2024-10-09T12:04:12.063,44.08000000000,0.99782443000,-0.06476837400,0.01203972400,0.00255292840
etaWear,FEAC84C53DE7,1728464652073,2024-10-09T12:04:12.073,44.09000000000,0.99782443000,-0.06476837400,0.01203972400,0.00255292840
etaWear,FEAC84C53DE7,1728464652083,2024-10-09T12:04:12.083,44.10000000000,0.99782443000,-0.06476837400,0.01203972400,0.00255292840
etaWear,FEAC84C53DE7,1728464652093,2024-10-09T12:04:12.093,44.11000000000,0.99782443000,-0.06476837400,0.01203972400,0.00255292840
etaWear,FEAC84C53DE7,1728464652103,2024-10-09T12:04:12.103,44.12000000000,0.99782443000,-0.06476837400,0.01203972400,0.00255292840
etaWear,FEAC84C53DE7,1728464652123,2024-10-09T12:04:12.123,44.14000000000,0.99782443000,-0.06476837400,0.01203972400,0.00255292840
etaWear,FEAC84C53DE7,1728464652133,2024-10-09T12:04:12.133,44.15000000000,0.99782443000,-0.06476837400,0.01203972400,0.00255292840
etaWear,FEAC84C53DE7,1728464652143,2024-10-09T12:04:12.143,44.16000000000,0.99782443000,-0.06476837400,0.01203972400,0.00255292840
etaWear,FEAC84C53DE7,1728464652153,2024-10-09T12:04:12.153,44.17000000000,0.99782443000,-0.06476837400,0.01203972400,0.00255292840
etaWear,FEAC84C53DE7,1728464652163,2024-10-09T12:04:12.163,44.18000000000,0.99782443000,-0.06476837400,0.01203972400,0.00255292840
MetaWear,FEAC84C53DE7,1728464652253,2024-10-09T12:04:12.253,44.27000000000,0.99782443000,-0.06476837400,0.01203972400,0.00255292840
etaWear,FEAC84C53DE7,1728464652263,2024-10-09T12:04:12.263,44.28000000000,0.99782443000,-0.06476837400,0.01203972400,0.00255292840
etaWear,FEAC84C53DE7,1728464652273,2024-10-09T12:04:12.273,44.29000000000,0.99782443000,-0.06476837400,0.01203972400,0.00255292840
etaWear,FEAC84C53DE7,1728464652293,2024-10-09T12:04:12.293,44.31000000000,0.99782443000,-0.06476837400,0.01203972400,0.00255292840
etaWear,FEAC84C53DE7,1728464652303,2024-10-09T12:04:12.303,44.32000000000,0.99782443000,-0.06476837400,0.01203972400,0.00255292840
etaWear,FEAC84C53DE7,1728464652313,2024-10-09T12:04:12.313,44.33000000000,0.99782443000,-0.06476837400,0.01203972400,0.00255292840
etaWear,FEAC84C53DE7,1728464652323,2024-10-09T12:04:12.323,44.34000000000,0.99782443000,-0.06476837400,0.01203972400,0.00255292840
etaWear,FEAC84C53DE7,1728464652333,2024-10-09T12:04:12.333,44.35000000000,0.99782443000,-0.06476837400,0.01203972400,0.00255292840
etaWear,FEAC84C53DE7,1728464652343,2024-10-09T12:04:12.343,44.36000000000,0.99782443000,-0.06476837400,0.01203972400,0.00255292840
etaWear,FEAC84C53DE7,1728464652353,2024-10-09T12:04:12.353,44.37000000000,0.99782443000,-0.06476837400,0.01203972400,0.00255292840
etaWear,FEAC84C53DE7,1728464652373,2024-10-09T12:04:12.373,44.39000000000,0.99782443000,-0.06476837400,0.01203972400,0.00255292840
etaWear,FEAC84C53DE7,1728464652383,2024-10-09T12:04:12.383,44.40000000000,0.99782443000,-0.06476837400,0.01203972400,0.00255292840
etaWear,FEAC84C53DE7,1728464652393,2024-10-09T12:04:12.393,44.41000000000,0.99782443000,-0.06476837400,0.01203972400,0.00255292840
etaWear,FEAC84C53DE7,1728464652403,2024-10-09T12:04:12.403,44.42000000000,0.99782443000,-0.06476837400,0.01203972400,0.00255292840
etaWear,FEAC84C53DE7,1728464652413,2024-10-09T12:04:12.413,44.43000000000,0.99782443000,-0.06476837400,0.01203972400,0.00255292840
etaWear,FEAC84C53DE7,1728464652423,2024-10-09T12:04:12.423,44.44000000000,0.99782443000,-0.06476837400,0.01203972400,0.00255292840
etaWear,FEAC84C53DE7,1728464652433,2024-10-09T12:04:12.433,44.45000000000,0.99782443000,-0.06476837400,0.01203972400,0.00255292840
etaWear,FEAC84C53DE7,1728464652453,2024-10-09T12:04:12.453,44.47000000000,0.99782443000,-0.06476837400,0.01203972400,0.00255292840
etaWear,FEAC84C53DE7,1728464652463,2024-10-09T12:04:12.463,44.48000000000,0.99782443000,-0.06476837400,0.01203972400,0.00255292840
etaWear,FEAC84C53DE7,1728464652473,2024-10-09T12:04:12.473,44.49000000000,0.99782443000,-0.06476837400,0.01203972400,0.00255292840
etaWear,FEAC84C53DE7,1728464652483,2024-10-09T12:04:12.483,44.50000000000,0.99782443000,-0.06476837400,0.01203972400,0.00255292840
etaWear,FEAC84C53DE7,1728464652493,2024-10-09T12:04:12.493,44.51000000000,0.99782443000,-0.06476837400,0.01203972400,0.00255292840
etaWear,FEAC84C53DE7,1728464652503,2024-10-09T12:04:12.503,44.52000000000,0.99782443000,-0.06476837400,0.01203972400,0.00255292840
etaWear,FEAC84C53DE7,1728464652513,2024-10-09T12:04:12.513,44.53000000000,0.99782443000,-0.06476837400,0.01203972400,0.00255292840
etaWear,FEAC84C53DE7,1728464652533,2024-10-09T12:04:12.533,44.55000000000,0.99782443000,-0.06476837400,0.01203972400,0.00255292840
etaWear,FEAC84C53DE7,1728464652543,2024-10-09T12:04:12.543,44.56000000000,0.99782443000,-0.06476837400,0.01203972400,0.00255292840
etaWear,FEAC84C53DE7,1728464652553,2024-10-09T12:04:12.553,44.57000000000,0.99782443000,-0.06476837400,0.01203972400,0.00255292840
etaWear,FEAC84C53DE7,1728464652563,2024-10-09T12:04:12.563,44.58000000000,0.99782443000,-0.06476837400,0.01203972400,0.00255292840
etaWear,FEAC84C53DE7,1728464652573,2024-10-09T12:04:12.573,44.59000000000,0.99782443000,-0.06476837400,0.01203972400,0.00255292840
etaWear,FEAC84C53DE7,1728464652583,2024-10-09T12:04:12.583,44.60000000000,0.99782443000,-0.06476837400,0.01203972400,0.00255292840
etaWear,FEAC84C53DE7,1728464652593,2024-10-09T12:04:12.593,44.61000000000,0.99782443000,-0.06476837400,0.01203972400,0.00255292840
etaWear,FEAC84C53DE7,1728464651433,2024-10-09T12:04:11.433,43.45000000000,0.99782443000,-0.06476837400,0.01203972400,0.00255292840
etaWear,FEAC84C53DE7,1728464651443,2024-10-09T12:04:11.443,43.46000000000,0.99782443000,-0.06476837400,0.01203972400,0.00255292840
etaWear,FEAC84C53DE7,1728464651453,2024-10-09T12:04:11.453,43.47000000000,0.99782443000,-0.06476837400,0.01203972400,0.00255292840
etaWear,FEAC84C53DE7,1728464651463,2024-10-09T12:04:11.463,43.48000000000,0.99782443000,-0.06476837400,0.01203972400,0.00255292840
etaWear,FEAC84C53DE7,1728464651483,2024-10-09T12:04:11.483,43.50000000000,0.99782443000,-0.06476837400,0.01203972400,0.00255292840
etaWear,FEAC84C53DE7,1728464651493,2024-10-09T12:04:11.493,43.51000000000,0.99782443000,-0.06476837400,0.01203972400,0.00255292840
etaWear,FEAC84C53DE7,1728464651503,2024-10-09T12:04:11.503,43.52000000000,0.99782443000,-0.06476837400,0.01203972400,0.00255292840
etaWear,FEAC84C53DE7,1728464651523,2024-10-09T12:04:11.523,43.54000000000,0.99782443000,-0.06476837400,0.01203972400,0.00255292840
etaWear,FEAC84C53DE7,1728464651533,2024-10-09T12:04:11.533,43.55000000000,0.99782443000,-0.06476837400,0.01203972400,0.00255292840
etaWear,FEAC84C53DE7,1728464651543,2024-10-09T12:04:11.543,43.56000000000,0.99782443000,-0.06476837400,0.01203972400,0.00255292840
etaWear,FEAC84C53DE7,1728464651563,2024-10-09T12:04:11.563,43.58000000000,0.99782443000,-0.06476837400,0.01203972400,0.00255292840
etaWear,FEAC84C53DE7,1728464651573,2024-10-09T12:04:11.573,43.59000000000,0.99782443000,-0.06476837400,0.01203972400,0.00255292840
etaWear,FEAC84C53DE7,1728464651583,2024-10-09T12:04:11.583,43.60000000000,0.99782443000,-0.06476837400,0.01203972400,0.00255292840
etaWear,FEAC84C53DE7,1728464651593,2024-10-09T12:04:11.593,43.61000000000,0.99782443000,-0.06476837400,0.01203972400,0.00255292840
etaWear,FEAC84C53DE7,1728464651603,2024-10-09T12:04:11.603,43.62000000000,0.99782443000,-0.06476837400,0.01203972400,0.00255292840
etaWear,FEAC84C53DE7,1728464651613,2024-10-09T12:04:11.613,43.63000000000,0.99782443000,-0.06476837400,0.01203972400,0.00255292840
etaWear,FEAC84C53DE7,1728464651623,2024-10-09T12:04:11.623,43.64000000000,0.99782443000,-0.06476837400,0.01203972400,0.00255292840
etaWear,FEAC84C53DE7,1728464651643,2024-10-09T12:04:11.643,43.66000000000,0.99782443000,-0.06476837400,0.01203972400,0.00255292840
etaWear,FEAC84C53DE7,1728464651653,2024-10-09T12:04:11.653,43.67000000000,0.99782443000,-0.06476837400,0.01203972400,0.00255292840
etaWear,FEAC84C53DE7,1728464651663,2024-10-09T12:04:11.663,43.68000000000,0.99782443000,-0.06476837400,0.01203972400,0.00255292840
etaWear,FEAC84C53DE7,1728464651673,2024-10-09T12:04:11.673,43.69000000000,0.99782443000,-0.06476837400,0.01203972400,0.00255292840
etaWear,FEAC84C53DE7,1728464651683,2024-10-09T12:04:11.683,43.70000000000,0.99782443000,-0.06476837400,0.01203972400,0.00255292840
etaWear,FEAC84C53DE7,1728464651693,2024-10-09T12:04:11.693,43.71000000000,0.99782443000,-0.06476837400,0.01203972400,0.00255292840
etaWear,FEAC84C53DE7,1728464651703,2024-10-09T12:04:11.703,43.72000000000,0.99782443000,-0.06476837400,0.01203972400,0.00255292840
etaWear,FEAC84C53DE7,1728464652803,2024-10-09T12:04:12.803,44.82000000000,0.99782443000,-0.06476837400,0.01203972400,0.00255292840
etaWear,FEAC84C53DE7,1728464652813,2024-10-09T12:04:12.813,44.83000000000,0.99782443000,-0.06476837400,0.01203972400,0.00255292840
etaWear,FEAC84C53DE7,1728464652823,2024-10-09T12:04:12.823,44.84000000000,0.99782443000,-0.06476837400,0.01203972400,0.00255292840
etaWear,FEAC84C53DE7,1728464652833,2024-10-09T12:04:12.833,44.85000000000,0.99782443000,-0.06476837400,0.01203972400,0.00255292840
etaWear,FEAC84C53DE7,1728464652863,2024-10-09T12:04:12.863,44.88000000000,0.99782443000,-0.06476837400,0.01203972400,0.00255292840
etaWear,FEAC84C53DE7,1728464652873,2024-10-09T12:04:12.873,44.89000000000,0.99782443000,-0.06476837400,0.01203972400,0.00255292840
etaWear,FEAC84C53DE7,1728464652883,2024-10-09T12:04:12.883,44.90000000000,0.99782443000,-0.06476837400,0.01203972400,0.00255292840
etaWear,FEAC84C53DE7,1728464652893,2024-10-09T12:04:12.893,44.91000000000,0.99782443000,-0.06476837400,0.01203972400,0.00255292840
MetaWear,FEAC84C53DE7,1728464652903,2024-10-09T12:04:12.903,44.92000000000,0.99782443000,-0.06476837400,0.01203972400,0.00255292840
etaWear,FEAC84C53DE7,1728464652913,2024-10-09T12:04:12.913,44.93000000000,0.99782443000,-0.06476837400,0.01203972400,0.00255292840
etaWear,FEAC84C53DE7,1728464652933,2024-10-09T12:04:12.933,44.95000000000,0.99782443000,-0.06476837400,0.01203972400,0.00255292840
etaWear,FEAC84C53DE7,1728464652943,2024-10-09T12:04:12.943,44.96000000000,0.99782443000,-0.06476837400,0.01203972400,0.00255292840
etaWear,FEAC84C53DE7,1728464652953,2024-10-09T12:04:12.953,44.97000000000,0.99782443000,-0.06476837400,0.01203972400,0.00255292840
etaWear,FEAC84C53DE7,1728464652963,2024-10-09T12:04:12.963,44.98000000000,0.99782443000,-0.06476837400,0.01203972400,0.00255292840
etaWear,FEAC84C53DE7,1728464652973,2024-10-09T12:04:12.973,44.99000000000,0.99782443000,-0.06476837400,0.01203972400,0.00255292840
etaWear,FEAC84C53DE7,1728464652983,2024-10-09T12:04:12.983,45.00000000000,0.99782443000,-0.06476837400,0.01203972400,0.00255292840
etaWear,FEAC84C53DE7,1728464652993,2024-10-09T12:04:12.993,45.01000000000,0.99782443000,-0.06476837400,0.01203972400,0.00255292840
etaWear,FEAC84C53DE7,1728464653013,2024-10-09T12:04:13.013,45.03000000000,0.99782443000,-0.06476837400,0.01203972400,0.00255292840
etaWear,FEAC84C53DE7,1728464653023,2024-10-09T12:04:13.023,45.04000000000,0.99782443000,-0.06476837400,0.01203972400,0.00255292840
etaWear,FEAC84C53DE7,1728464653033,2024-10-09T12:04:13.033,45.05000000000,0.99782443000,-0.06476837400,0.01203972400,0.00255292840
etaWear,FEAC84C53DE7,1728464653043,2024-10-09T12:04:13.043,45.06000000000,0.99782443000,-0.06476837400,0.01203972400,0.00255292840
etaWear,FEAC84C53DE7,1728464653053,2024-10-09T12:04:13.053,45.07000000000,0.99782443000,-0.06476837400,0.01203972400,0.00255292840
etaWear,FEAC84C53DE7,1728464653063,2024-10-09T12:04:13.063,45.08000000000,0.99782443000,-0.06476837400,0.01203972400,0.00255292840
etaWear,FEAC84C53DE7,1728464653073,2024-10-09T12:04:13.073,45.09000000000,0.99782443000,-0.06476837400,0.01203972400,0.00255292840
etaWear,FEAC84C53DE7,1728464653093,2024-10-09T12:04:13.093,45.11000000000,0.99782443000,-0.06476837400,0.01203972400,0.00255292840
etaWear,FEAC84C53DE7,1728464653103,2024-10-09T12:04:13.103,45.12000000000,0.99782443000,-0.06476837400,0.01203972400,0.00255292840
etaWear,FEAC84C53DE7,1728464653113,2024-10-09T12:04:13.113,45.13000000000,0.99782443000,-0.06476837400,0.01203972400,0.00255292840
etaWear,FEAC84C53DE7,1728464653123,2024-10-09T12:04:13.123,45.14000000000,0.99782443000,-0.06476837400,0.01203972400,0.00255292840
etaWear,FEAC84C53DE7,1728464653143,2024-10-09T12:04:13.143,45.16000000000,0.99782443000,-0.06476837400,0.01203972400,0.00255292840
etaWear,FEAC84C53DE7,1728464653153,2024-10-09T12:04:13.153,45.17000000000,0.99782443000,-0.06476837400,0.01203972400,0.00255292840
etaWear,FEAC84C53DE7,1728464653173,2024-10-09T12:04:13.173,45.19000000000,0.99782443000,-0.06476837400,0.01203972400,0.00255292840
etaWear,FEAC84C53DE7,1728464653183,2024-10-09T12:04:13.183,45.20000000000,0.99782443000,-0.06476837400,0.01203972400,0.00255292840
etaWear,FEAC84C53DE7,1728464653193,2024-10-09T12:04:13.193,45.21000000000,0.99782443000,-0.06476837400,0.01203972400,0.00255292840
etaWear,FEAC84C53DE7,1728464653203,2024-10-09T12:04:13.203,45.22000000000,0.99782443000,-0.06476837400,0.01203972400,0.00255292840
etaWear,FEAC84C53DE7,1728464653213,2024-10-09T12:04:13.213,45.23000000000,0.99782443000,-0.06476837400,0.01203972400,0.00255292840
etaWear,FEAC84C53DE7,1728464653223,2024-10-09T12:04:13.223,45.24000000000,0.99782443000,-0.06476837400,0.01203972400,0.00255292840
MetaWear,FEAC84C53DE7,1728464653593,2024-10-09T12:04:13.593,45.61000000000,0.99782443000,-0.06476837400,0.01203972400,0.00255292840
etaWear,FEAC84C53DE7,1728464653603,2024-10-09T12:04:13.603,45.62000000000,0.99782443000,-0.06476837400,0.01203972400,0.00255292840
etaWear,FEAC84C53DE7,1728464653613,2024-10-09T12:04:13.613,45.63000000000,0.99782443000,-0.06476837400,0.01203972400,0.00255292840
etaWear,FEAC84C53DE7,1728464653623,2024-10-09T12:04:13.623,45.64000000000,0.99782443000,-0.06476837400,0.01203972400,0.00255292840
etaWear,FEAC84C53DE7,1728464653633,2024-10-09T12:04:13.633,45.65000000000,0.99782443000,-0.06476837400,0.01203972400,0.00255292840
etaWear,FEAC84C53DE7,1728464653643,2024-10-09T12:04:13.643,45.66000000000,0.99782443000,-0.06476837400,0.01203972400,0.00255292840
etaWear,FEAC84C53DE7,1728464653663,2024-10-09T12:04:13.663,45.68000000000,0.99782443000,-0.06476837400,0.01203972400,0.00255292840
etaWear,FEAC84C53DE7,1728464653673,2024-10-09T12:04:13.673,45.69000000000,0.99782443000,-0.06476837400,0.01203972400,0.00255292840
etaWear,FEAC84C53DE7,1728464653683,2024-10-09T12:04:13.683,45.70000000000,0.99782443000,-0.06476837400,0.01203972400,0.00255292840
etaWear,FEAC84C53DE7,1728464653693,2024-10-09T12:04:13.693,45.71000000000,0.99782443000,-0.06476837400,0.01203972400,0.00255292840
etaWear,FEAC84C53DE7,1728464653703,2024-10-09T12:04:13.703,45.72000000000,0.99782443000,-0.06476837400,0.01203972400,0.00255292840
etaWear,FEAC84C53DE7,1728464653713,2024-10-09T12:04:13.713,45.73000000000,0.99782443000,-0.06476837400,0.01203972400,0.00255292840
etaWear,FEAC84C53DE7,1728464653743,2024-10-09T12:04:13.743,45.76000000000,0.99782443000,-0.06476837400,0.01203972400,0.00255292840
etaWear,FEAC84C53DE7,1728464653753,2024-10-09T12:04:13.753,45.77000000000,0.99782443000,-0.06476837400,0.01203972400,0.00255292840
etaWear,FEAC84C53DE7,1728464653763,2024-10-09T12:04:13.763,45.78000000000,0.99782443000,-0.06476837400,0.01203972400,0.00255292840
etaWear,FEAC84C53DE7,1728464653773,2024-10-09T12:04:13.773,45.79000000000,0.99782443000,-0.06476837400,0.01203972400,0.00255292840
etaWear,FEAC84C53DE7,1728464653853,2024-10-09T12:04:13.853,45.87000000000,0.99782443000,-0.06476837400,0.01203972400,0.00255292840
etaWear,FEAC84C53DE7,1728464653863,2024-10-09T12:04:13.863,45.88000000000,0.99782443000,-0.06476837400,0.01203972400,0.00255292840
etaWear,FEAC84C53DE7,1728464653873,2024-10-09T12:04:13.873,45.89000000000,0.99782443000,-0.06476837400,0.01203972400,0.00255292840
etaWear,FEAC84C53DE7,1728464653883,2024-10-09T12:04:13.883,45.90000000000,0.99782443000,-0.06476837400,0.01203972400,0.00255292840
etaWear,FEAC84C53DE7,1728464653903,2024-10-09T12:04:13.903,45.92000000000,0.99782443000,-0.06476837400,0.01203972400,0.00255292840
etaWear,FEAC84C53DE7,1728464653913,2024-10-09T12:04:13.913,45.93000000000,0.99782443000,-0.06476837400,0.01203972400,0.00255292840
etaWear,FEAC84C53DE7,1728464653923,2024-10-09T12:04:13.923,45.94000000000,0.99782443000,-0.06476837400,0.01203972400,0.00255292840
etaWear,FEAC84C53DE7,1728464653933,2024-10-09T12:04:13.933,45.95000000000,0.99782443000,-0.06476837400,0.01203972400,0.00255292840
etaWear,FEAC84C53DE7,1728464653943,2024-10-09T12:04:13.943,45.96000000000,0.99782443000,-0.06476837400,0.01203972400,0.00255292840
etaWear,FEAC84C53DE7,1728464653953,2024-10-09T12:04:13.953,45.97000000000,0.99782443000,-0.06476837400,0.01203972400,0.00255292840
etaWear,FEAC84C53DE7,1728464653963,2024-10-09T12:04:13.963,45.98000000000,0.99782443000,-0.06476837400,0.01203972400,0.00255292840
etaWear,FEAC84C53DE7,1728464653993,2024-10-09T12:04:13.993,46.01000000000,0.99782443000,-0.06476837400,0.01203972400,0.00255292840
etaWear,FEAC84C53DE7,1728464654003,2024-10-09T12:04:14.003,46.02000000000,0.99782443000,-0.06476837400,0.01203972400,0.00255292840
etaWear,FEAC84C53DE7,1728464654013,2024-10-09T12:04:14.013,46.03000000000,0.99782443000,-0.06476837400,0.01203972400,0.00255292840
etaWear,FEAC84C53DE7,1728464654023,2024-10-09T12:04:14.023,46.04000000000,0.99782443000,-0.06476837400,0.01203972400,0.00255292840
etaWear,FEAC84C53DE7,1728464654033,2024-10-09T12:04:14.033,46.05000000000,0.99782443000,-0.06476837400,0.01203972400,0.00255292840
etaWear,FEAC84C53DE7,1728464654043,2024-10-09T12:04:14.043,46.06000000000,0.99782443000,-0.06476837400,0.01203972400,0.00255292840
etaWear,FEAC84C53DE7,1728464654063,2024-10-09T12:04:14.063,46.08000000000,0.99782443000,-0.06476837400,0.01203972400,0.00255292840
etaWear,FEAC84C53DE7,1728464654073,2024-10-09T12:04:14.073,46.09000000000,0.99782443000,-0.06476837400,0.01203972400,0.00255292840
etaWear,FEAC84C53DE7,1728464654083,2024-10-09T12:04:14.083,46.10000000000,0.99782443000,-0.06476837400,0.01203972400,0.00255292840
etaWear,FEAC84C53DE7,1728464654093,2024-10-09T12:04:14.093,46.11000000000,0.99782443000,-0.06476837400,0.01203972400,0.00255292840
etaWear,FEAC84C53DE7,1728464654103,2024-10-09T12:04:14.103,46.12000000000,0.99782443000,-0.06476837400,0.01203972400,0.00255292840
etaWear,FEAC84C53DE7,1728464654113,2024-10-09T12:04:14.113,46.13000000000,0.99782443000,-0.06476837400,0.01203972400,0.00255292840
etaWear,FEAC84C53DE7,1728464654303,2024-10-09T12:04:14.303,46.32000000000,0.99782443000,-0.06476837400,0.01203972400,0.00255292840
etaWear,FEAC84C53DE7,1728464654313,2024-10-09T12:04:14.313,46.33000000000,0.99782443000,-0.06476837400,0.01203972400,0.00255292840
etaWear,FEAC84C53DE7,1728464654323,2024-10-09T12:04:14.323,46.34000000000,0.99782443000,-0.06476837400,0.01203972400,0.00255292840
etaWear,FEAC84C53DE7,1728464654333,2024-10-09T12:04:14.333,46.35000000000,0.99782443000,-0.06476837400,0.01203972400,0.00255292840
etaWear,FEAC84C53DE7,1728464654343,2024-10-09T12:04:14.343,46.36000000000,0.99782443000,-0.06476837400,0.01203972400,0.00255292840
etaWear,FEAC84C53DE7,1728464654353,2024-10-09T12:04:14.353,46.37000000000,0.99782443000,-0.06476837400,0.01203972400,0.00255292840
etaWear,FEAC84C53DE7,1728464654363,2024-10-09T12:04:14.363,46.38000000000,0.99782443000,-0.06476837400,0.01203972400,0.00255292840
etaWear,FEAC84C53DE7,1728464654383,2024-10-09T12:04:14.383,46.40000000000,0.99782443000,-0.06476837400,0.01203972400,0.00255292840
etaWear,FEAC84C53DE7,1728464654393,2024-10-09T12:04:14.393,46.41000000000,0.99782443000,-0.06476837400,0.01203972400,0.00255292840
etaWear,FEAC84C53DE7,1728464654403,2024-10-09T12:04:14.403,46.42000000000,0.99782443000,-0.06476837400,0.01203972400,0.00255292840
etaWear,FEAC84C53DE7,1728464654413,2024-10-09T12:04:14.413,46.43000000000,0.99782443000,-0.06476837400,0.01203972400,0.00255292840
etaWear,FEAC84C53DE7,1728464654423,2024-10-09T12:04:14.423,46.44000000000,0.99782443000,-0.06476837400,0.01203972400,0.00255292840
etaWear,FEAC84C53DE7,1728464654433,2024-10-09T12:04:14.433,46.45000000000,0.99782443000,-0.06476837400,0.01203972400,0.00255292840
etaWear,FEAC84C53DE7,1728464654443,2024-10-09T12:04:14.443,46.46000000000,0.99782443000,-0.06476837400,0.01203972400,0.00255292840
etaWear,FEAC84C53DE7,1728464654463,2024-10-09T12:04:14.463,46.48000000000,0.99782443000,-0.06476837400,0.01203972400,0.00255292840
etaWear,FEAC84C53DE7,1728464654473,2024-10-09T12:04:14.473,46.49000000000,0.99782443000,-0.06476837400,0.01203972400,0.00255292840
etaWear,FEAC84C53DE7,1728464654483,2024-10-09T12:04:14.483,46.50000000000,0.99782443000,-0.06476837400,0.01203972400,0.00255292840
etaWear,FEAC84C53DE7,1728464654493,2024-10-09T12:04:14.493,46.51000000000,0.99782443000,-0.06476837400,0.01203972400,0.00255292840
etaWear,FEAC84C53DE7,1728464654503,2024-10-09T12:04:14.503,46.52000000000,0.99782443000,-0.06476837400,0.01203972400,0.00255292840
etaWear,FEAC84C53DE7,1728464654513,2024-10-09T12:04:14.513,46.53000000000,0.99782443000,-0.06476837400,0.01203972400,0.00255292840
etaWear,FEAC84C53DE7,1728464654523,2024-10-09T12:04:14.523,46.54000000000,0.99782443000,-0.06476837400,0.01203972400,0.00255292840
etaWear,FEAC84C53DE7,1728464654543,2024-10-09T12:04:14.543,46.56000000000,0.99782443000,-0.06476837400,0.01203972400,0.00255292840
etaWear,FEAC84C53DE7,1728464654553,2024-10-09T12:04:14.553,46.57000000000,0.99782443000,-0.06476837400,0.01203972400,0.00255292840
etaWear,FEAC84C53DE7,1728464654573,2024-10-09T12:04:14.573,46.59000000000,0.99782443000,-0.06476837400,0.01203972400,0.00255292840
etaWear,FEAC84C53DE7,1728464654583,2024-10-09T12:04:14.583,46.60000000000,0.99782443000,-0.06476837400,0.01203972400,0.00255292840
etaWear,FEAC84C53DE7,1728464654603,2024-10-09T12:04:14.603,46.62000000000,0.99782443000,-0.06476837400,0.01203972400,0.00255292840
etaWear,FEAC84C53DE7,1728464654623,2024-10-09T12:04:14.623,46.64000000000,0.99782443000,-0.06476837400,0.01203972400,0.00255292840
etaWear,FEAC84C53DE7,1728464654633,2024-10-09T12:04:14.633,46.65000000000,0.99782443000,-0.06476837400,0.01203972400,0.00255292840
etaWear,FEAC84C53DE7,1728464654643,2024-10-09T12:04:14.643,46.66000000000,0.99782443000,-0.06476837400,0.01203972400,0.00255292840
etaWear,FEAC84C53DE7,1728464654653,2024-10-09T12:04:14.653,46.67000000000,0.99782443000,-0.06476837400,0.01203972400,0.00255292840
etaWear,FEAC84C53DE7,1728464654663,2024-10-09T12:04:14.663,46.68000000000,0.99782443000,-0.06476837400,0.01203972400,0.00255292840
etaWear,FEAC84C53DE7,1728464654673,2024-10-09T12:04:14.673,46.69000000000,0.99782443000,-0.06476837400,0.01203972400,0.00255292840
etaWear,FEAC84C53DE7,1728464654683,2024-10-09T12:04:14.683,46.70000000000,0.99782443000,-0.06476837400,0.01203972400,0.00255292840
etaWear,FEAC84C53DE7,1728464654703,2024-10-09T12:04:14.703,46.72000000000,0.99782443000,-0.06476837400,0.01203972400,0.00255292840
etaWear,FEAC84C53DE7,1728464654713,2024-10-09T12:04:14.713,46.73000000000,0.99782443000,-0.06476837400,0.01203972400,0.00255292840
etaWear,FEAC84C53DE7,1728464654723,2024-10-09T12:04:14.723,46.74000000000,0.99782443000,-0.06476837400,0.01203972400,0.00255292840
etaWear,FEAC84C53DE7,1728464654733,2024-10-09T12:04:14.733,46.75000000000,0.99782443000,-0.06476837400,0.01203972400,0.00255292840
etaWear,FEAC84C53DE7,1728464654743,2024-10-09T12:04:14.743,46.76000000000,0.99782443000,-0.06476837400,0.01203972400,0.00255292840
etaWear,FEAC84C53DE7,1728464654753,2024-10-09T12:04:14.753,46.77000000000,0.99782443000,-0.06476837400,0.01203972400,0.00255292840
etaWear,FEAC84C53DE7,1728464654763,2024-10-09T12:04:14.763,46.78000000000,0.99782443000,-0.06476837400,0.01203972400,0.00255292840
etaWear,FEAC84C53DE7,1728464654773,2024-10-09T12:04:14.773,46.79000000000,0.99782443000,-0.06476837400,0.01203972400,0.00255292840
etaWear,FEAC84C53DE7,1728464654793,2024-10-09T12:04:14.793,46.81000000000,0.99782443000,-0.06476837400,0.01203972400,0.00255292840
etaWear,FEAC84C53DE7,1728464654803,2024-10-09T12:04:14.803,46.82000000000,0.99782443000,-0.06476837400,0.01203972400,0.00255292840
etaWear,FEAC84C53DE7,1728464654813,2024-10-09T12:04:14.813,46.83000000000,0.99782443000,-0.06476837400,0.01203972400,0.00255292840
etaWear,FEAC84C53DE7,1728464654823,2024-10-09T12:04:14.823,46.84000000000,0.99782443000,-0.06476837400,0.01203972400,0.00255292840
etaWear,FEAC84C53DE7,1728464654833,2024-10-09T12:04:14.833,46.85000000000,0.99782443000,-0.06476837400,0.01203972400,0.00255292840
etaWear,FEAC84C53DE7,1728464654853,2024-10-09T12:04:14.853,46.87000000000,0.99782443000,-0.06476837400,0.01203972400,0.00255292840
etaWear,FEAC84C53DE7,1728464654873,2024-10-09T12:04:14.873,46.89000000000,0.99782443000,-0.06476837400,0.01203972400,0.00255292840
etaWear,FEAC84C53DE7,1728464654883,2024-10-09T12:04:14.883,46.90000000000,0.99782443000,-0.06476837400,0.01203972400,0.00255292840
etaWear,FEAC84C53DE7,1728464654893,2024-10-09T12:04:14.893,46.91000000000,0.99782443000,-0.06476837400,0.01203972400,0.00255292840
etaWear,FEAC84C53DE7,1728464654903,2024-10-09T12:04:14.903,46.92000000000,0.99782443000,-0.06476837400,0.01203972400,0.00255292840
etaWear,FEAC84C53DE7,1728464654913,2024-10-09T12:04:14.913,46.93000000000,0.99782443000,-0.06476837400,0.01203972400,0.00255292840
etaWear,FEAC84C53DE7,1728464654923,2024-10-09T12:04:14.923,46.94000000000,0.99782443000,-0.06476837400,0.01203972400,0.00255292840
etaWear,FEAC84C53DE7,1728464654933,2024-10-09T12:04:14.933,46.95000000000,0.99782443000,-0.06476837400,0.01203972400,0.00255292840
etaWear,FEAC84C53DE7,1728464654953,2024-10-09T12:04:14.953,46.97000000000,0.99782443000,-0.06476837400,0.01203972400,0.00255292840
etaWear,FEAC84C53DE7,1728464654973,2024-10-09T12:04:14.973,46.99000000000,0.99782443000,-0.06476837400,0.01203972400,0.00255292840
etaWear,FEAC84C53DE7,1728464654983,2024-10-09T12:04:14.983,47.00000000000,0.99782443000,-0.06476837400,0.01203972400,0.00255292840
etaWear,FEAC84C53DE7,1728464654993,2024-10-09T12:04:14.993,47.01000000000,0.99782443000,-0.06476837400,0.01203972400,0.00255292840
etaWear,FEAC84C53DE7,1728464655003,2024-10-09T12:04:15.003,47.02000000000,0.99782443000,-0.06476837400,0.01203972400,0.00255292840
etaWear,FEAC84C53DE7,1728464655013,2024-10-09T12:04:15.013,47.03000000000,0.99782443000,-0.06476837400,0.01203972400,0.00255292840
etaWear,FEAC84C53DE7,1728464655033,2024-10-09T12:04:15.033,47.05000000000,0.99782443000,-0.06476837400,0.01203972400,0.00255292840
etaWear,FEAC84C53DE7,1728464655043,2024-10-09T12:04:15.043,47.06000000000,0.99782443000,-0.06476837400,0.01203972400,0.00255292840
etaWear,FEAC84C53DE7,1728464655053,2024-10-09T12:04:15.053,47.07000000000,0.99782443000,-0.06476837400,0.01203972400,0.00255292840
etaWear,FEAC84C53DE7,1728464655063,2024-10-09T12:04:15.063,47.08000000000,0.99782443000,-0.06476837400,0.01203972400,0.00255292840
etaWear,FEAC84C53DE7,1728464655073,2024-10-09T12:04:15.073,47.09000000000,0.99782443000,-0.06476837400,0.01203972400,0.00255292840
etaWear,FEAC84C53DE7,1728464655083,2024-10-09T12:04:15.083,47.10000000000,0.99782443000,-0.06476837400,0.01203972400,0.00255292840
etaWear,FEAC84C53DE7,1728464655093,2024-10-09T12:04:15.093,47.11000000000,0.99782443000,-0.06476837400,0.01203972400,0.00255292840
etaWear,FEAC84C53DE7,1728464655113,2024-10-09T12:04:15.113,47.13000000000,0.99782443000,-0.06476837400,0.01203972400,0.00255292840
etaWear,FEAC84C53DE7,1728464655203,2024-10-09T12:04:15.203,47.22000000000,0.99782443000,-0.06476837400,0.01203972400,0.00255292840
etaWear,FEAC84C53DE7,1728464655213,2024-10-09T12:04:15.213,47.23000000000,0.99782443000,-0.06476837400,0.01203972400,0.00255292840
etaWear,FEAC84C53DE7,1728464655223,2024-10-09T12:04:15.223,47.24000000000,0.99782443000,-0.06476837400,0.01203972400,0.00255292840
etaWear,FEAC84C53DE7,1728464655233,2024-10-09T12:04:15.233,47.25000000000,0.99782443000,-0.06476837400,0.01203972400,0.00255292840
etaWear,FEAC84C53DE7,1728464655243,2024-10-09T12:04:15.243,47.26000000000,0.99782443000,-0.06476837400,0.01203972400,0.00255292840
etaWear,FEAC84C53DE7,1728464655253,2024-10-09T12:04:15.253,47.27000000000,0.99782443000,-0.06476837400,0.01203972400,0.00255292840
etaWear,FEAC84C53DE7,1728464655273,2024-10-09T12:04:15.273,47.29000000000,0.99782443000,-0.06476837400,0.01203972400,0.00255292840
etaWear,FEAC84C53DE7,1728464655283,2024-10-09T12:04:15.283,47.30000000000,0.99782443000,-0.06476837400,0.01203972400,0.00255292840
etaWear,FEAC84C53DE7,1728464655293,2024-10-09T12:04:15.293,47.31000000000,0.99782443000,-0.06476837400,0.01203972400,0.00255292840
etaWear,FEAC84C53DE7,1728464655303,2024-10-09T12:04:15.303,47.32000000000,0.99782443000,-0.06476837400,0.01203972400,0.00255292840
etaWear,FEAC84C53DE7,1728464655323,2024-10-09T12:04:15.323,47.34000000000,0.99782443000,-0.06476837400,0.01203972400,0.00255292840
etaWear,FEAC84C53DE7,1728464655333,2024-10-09T12:04:15.333,47.35000000000,0.99782443000,-0.06476837400,0.01203972400,0.00255292840
etaWear,FEAC84C53DE7,1728464655353,2024-10-09T12:04:15.353,47.37000000000,0.99782443000,-0.06476837400,0.01203972400,0.00255292840
etaWear,FEAC84C53DE7,1728464655363,2024-10-09T12:04:15.363,47.38000000000,0.99782443000,-0.06476837400,0.01203972400,0.00255292840
etaWear,FEAC84C53DE7,1728464655373,2024-10-09T12:04:15.373,47.39000000000,0.99782443000,-0.06476837400,0.01203972400,0.00255292840
etaWear,FEAC84C53DE7,1728464655383,2024-10-09T12:04:15.383,47.40000000000,0.99782443000,-0.06476837400,0.01203972400,0.00255292840
etaWear,FEAC84C53DE7,1728464655393,2024-10-09T12:04:15.393,47.41000000000,0.99782443000,-0.06476837400,0.01203972400,0.00255292840
etaWear,FEAC84C53DE7,1728464655403,2024-10-09T12:04:15.403,47.42000000000,0.99782443000,-0.06476837400,0.01203972400,0.00255292840
etaWear,FEAC84C53DE7,1728464655413,2024-10-09T12:04:15.413,47.43000000000,0.99782443000,-0.06476837400,0.01203972400,0.00255292840
etaWear,FEAC84C53DE7,1728464655433,2024-10-09T12:04:15.433,47.45000000000,0.99782443000,-0.06476837400,0.01203972400,0.00255292840
etaWear,FEAC84C53DE7,1728464655443,2024-10-09T12:04:15.443,47.46000000000,0.99782443000,-0.06476837400,0.01203972400,0.00255292840
etaWear,FEAC84C53DE7,1728464655453,2024-10-09T12:04:15.453,47.47000000000,0.99782443000,-0.06476837400,0.01203972400,0.00255292840
etaWear,FEAC84C53DE7,1728464655463,2024-10-09T12:04:15.463,47.48000000000,0.99782443000,-0.06476837400,0.01203972400,0.00255292840
MetaWear,FEAC84C53DE7,1728464655473,2024-10-09T12:04:15.473,47.49000000000,0.99782443000,-0.06476837400,0.01203972400,0.00255292840
etaWear,FEAC84C53DE7,1728464655483,2024-10-09T12:04:15.483,47.50000000000,0.99782443000,-0.06476837400,0.01203972400,0.00255292840
etaWear,FEAC84C53DE7,1728464655493,2024-10-09T12:04:15.493,47.51000000000,0.99782443000,-0.06476837400,0.01203972400,0.00255292840
etaWear,FEAC84C53DE7,1728464655513,2024-10-09T12:04:15.513,47.53000000000,0.99782443000,-0.06476837400,0.01203972400,0.00255292840
etaWear,FEAC84C53DE7,1728464655533,2024-10-09T12:04:15.533,47.55000000000,0.99782443000,-0.06476837400,0.01203972400,0.00255292840
etaWear,FEAC84C53DE7,1728464655543,2024-10-09T12:04:15.543,47.56000000000,0.99782443000,-0.06476837400,0.01203972400,0.00255292840
etaWear,FEAC84C53DE7,1728464655553,2024-10-09T12:04:15.553,47.57000000000,0.99782443000,-0.06476837400,0.01203972400,0.00255292840
etaWear,FEAC84C53DE7,1728464655573,2024-10-09T12:04:15.573,47.59000000000,0.99782443000,-0.06476837400,0.01203972400,0.00255292840
etaWear,FEAC84C53DE7,1728464655593,2024-10-09T12:04:15.593,47.61000000000,0.99782443000,-0.06476837400,0.01203972400,0.00255292840
etaWear,FEAC84C53DE7,1728464655603,2024-10-09T12:04:15.603,47.62000000000,0.99782443000,-0.06476837400,0.01203972400,0.00255292840
etaWear,FEAC84C53DE7,1728464655613,2024-10-09T12:04:15.613,47.63000000000,0.99782443000,-0.06476837400,0.01203972400,0.00255292840
etaWear,FEAC84C53DE7,1728464655623,2024-10-09T12:04:15.623,47.64000000000,0.99782443000,-0.06476837400,0.01203972400,0.00255292840
etaWear,FEAC84C53DE7,1728464655643,2024-10-09T12:04:15.643,47.66000000000,0.99782443000,-0.06476837400,0.01203972400,0.00255292840
etaWear,FEAC84C53DE7,1728464655653,2024-10-09T12:04:15.653,47.67000000000,0.99782443000,-0.06476837400,0.01203972400,0.00255292840
etaWear,FEAC84C53DE7,1728464655673,2024-10-09T12:04:15.673,47.69000000000,0.99782443000,-0.06476837400,0.01203972400,0.00255292840
etaWear,FEAC84C53DE7,1728464655683,2024-10-09T12:04:15.683,47.70000000000,0.99782443000,-0.06476837400,0.01203972400,0.00255292840
etaWear,FEAC84C53DE7,1728464655693,2024-10-09T12:04:15.693,47.71000000000,0.99782443000,-0.06476837400,0.01203972400,0.00255292840
etaWear,FEAC84C53DE7,1728464655703,2024-10-09T12:04:15.703,47.72000000000,0.99782443000,-0.06476837400,0.01203972400,0.00255292840
etaWear,FEAC84C53DE7,1728464655713,2024-10-09T12:04:15.713,47.73000000000,0.99782443000,-0.06476837400,0.01203972400,0.00255292840
etaWear,FEAC84C53DE7,1728464655723,2024-10-09T12:04:15.723,47.74000000000,0.99782443000,-0.06476837400,0.01203972400,0.00255292840
etaWear,FEAC84C53DE7,1728464655733,2024-10-09T12:04:15.733,47.75000000000,0.99782443000,-0.06476837400,0.01203972400,0.00255292840
etaWear,FEAC84C53DE7,1728464655753,2024-10-09T12:04:15.753,47.77000000000,0.99782443000,-0.06476837400,0.01203972400,0.00255292840
etaWear,FEAC84C53DE7,1728464655763,2024-10-09T12:04:15.763,47.78000000000,0.99782443000,-0.06476837400,0.01203972400,0.00255292840
etaWear,FEAC84C53DE7,1728464655773,2024-10-09T12:04:15.773,47.79000000000,0.99782443000,-0.06476837400,0.01203972400,0.00255292840
etaWear,FEAC84C53DE7,1728464655793,2024-10-09T12:04:15.793,47.81000000000,0.99782443000,-0.06476837400,0.01203972400,0.00255292840
etaWear,FEAC84C53DE7,1728464655803,2024-10-09T12:04:15.803,47.82000000000,0.99782443000,-0.06476837400,0.01203972400,0.00255292840
etaWear,FEAC84C53DE7,1728464655813,2024-10-09T12:04:15.813,47.83000000000,0.99782443000,-0.06476837400,0.01203972400,0.00255292840
etaWear,FEAC84C53DE7,1728464655833,2024-10-09T12:04:15.833,47.85000000000,0.99782443000,-0.06476837400,0.01203972400,0.00255292840
etaWear,FEAC84C53DE7,1728464655843,2024-10-09T12:04:15.843,47.86000000000,0.99782443000,-0.06476837400,0.01203972400,0.00255292840
etaWear,FEAC84C53DE7,1728464655853,2024-10-09T12:04:15.853,47.87000000000,0.99782443000,-0.06476837400,0.01203972400,0.00255292840
etaWear,FEAC84C53DE7,1728464655863,2024-10-09T12:04:15.863,47.88000000000,0.99782443000,-0.06476837400,0.01203972400,0.00255292840
etaWear,FEAC84C53DE7,1728464655873,2024-10-09T12:04:15.873,47.89000000000,0.99782443000,-0.06476837400,0.01203972400,0.00255292840
etaWear,FEAC84C53DE7,1728464655883,2024-10-09T12:04:15.883,47.90000000000,0.99782443000,-0.06476837400,0.01203972400,0.00255292840
etaWear,FEAC84C53DE7,1728464656053,2024-10-09T12:04:16.053,48.07000000000,0.99782443000,-0.06476837400,0.01203972400,0.00255292840
etaWear,FEAC84C53DE7,1728464656063,2024-10-09T12:04:16.063,48.08000000000,0.99782443000,-0.06476837400,0.01203972400,0.00255292840
etaWear,FEAC84C53DE7,1728464656083,2024-10-09T12:04:16.083,48.10000000000,0.99782443000,-0.06476837400,0.01203972400,0.00255292840
etaWear,FEAC84C53DE7,1728464656093,2024-10-09T12:04:16.093,48.11000000000,0.99782443000,-0.06476837400,0.01203972400,0.00255292840
etaWear,FEAC84C53DE7,1728464656103,2024-10-09T12:04:16.103,48.12000000000,0.99782443000,-0.06476837400,0.01203972400,0.00255292840
etaWear,FEAC84C53DE7,1728464656113,2024-10-09T12:04:16.113,48.13000000000,0.99782443000,-0.06476837400,0.01203972400,0.00255292840
etaWear,FEAC84C53DE7,1728464656123,2024-10-09T12:04:16.123,48.14000000000,0.99782443000,-0.06476837400,0.01203972400,0.00255292840
etaWear,FEAC84C53DE7,1728464656133,2024-10-09T12:04:16.133,48.15000000000,0.99782443000,-0.06476837400,0.01203972400,0.00255292840
etaWear,FEAC84C53DE7,1728464656143,2024-10-09T12:04:16.143,48.16000000000,0.99782443000,-0.06476837400,0.01203972400,0.00255292840
etaWear,FEAC84C53DE7,1728464656163,2024-10-09T12:04:16.163,48.18000000000,0.99782443000,-0.06476837400,0.01203972400,0.00255292840
etaWear,FEAC84C53DE7,1728464656173,2024-10-09T12:04:16.173,48.19000000000,0.99782443000,-0.06476837400,0.01203972400,0.00255292840
etaWear,FEAC84C53DE7,1728464656183,2024-10-09T12:04:16.183,48.20000000000,0.99782443000,-0.06476837400,0.01203972400,0.00255292840
etaWear,FEAC84C53DE7,1728464656203,2024-10-09T12:04:16.203,48.22000000000,0.99782443000,-0.06476837400,0.01203972400,0.00255292840
etaWear,FEAC84C53DE7,1728464656213,2024-10-09T12:04:16.213,48.23000000000,0.99782443000,-0.06476837400,0.01203972400,0.00255292840
etaWear,FEAC84C53DE7,1728464656243,2024-10-09T12:04:16.243,48.26000000000,0.99782443000,-0.06476837400,0.01203972400,0.00255292840
etaWear,FEAC84C53DE7,1728464656253,2024-10-09T12:04:16.253,48.27000000000,0.99782443000,-0.06476837400,0.01203972400,0.00255292840
etaWear,FEAC84C53DE7,1728464656263,2024-10-09T12:04:16.263,48.28000000000,0.99782443000,-0.06476837400,0.01203972400,0.00255292840
etaWear,FEAC84C53DE7,1728464656273,2024-10-09T12:04:16.273,48.29000000000,0.99782443000,-0.06476837400,0.01203972400,0.00255292840
etaWear,FEAC84C53DE7,1728464656283,2024-10-09T12:04:16.283,48.30000000000,0.99782443000,-0.06476837400,0.01203972400,0.00255292840
etaWear,FEAC84C53DE7,1728464656293,2024-10-09T12:04:16.293,48.31000000000,0.99782443000,-0.06476837400,0.01203972400,0.00255292840
etaWear,FEAC84C53DE7,1728464656303,2024-10-09T12:04:16.303,48.32000000000,0.99782443000,-0.06476837400,0.01203972400,0.00255292840
etaWear,FEAC84C53DE7,1728464656353,2024-10-09T12:04:16.353,48.37000000000,0.99782443000,-0.06476837400,0.01203972400,0.00255292840
etaWear,FEAC84C53DE7,1728464656363,2024-10-09T12:04:16.363,48.38000000000,0.99782443000,-0.06476837400,0.01203972400,0.00255292840
etaWear,FEAC84C53DE7,1728464656373,2024-10-09T12:04:16.373,48.39000000000,0.99782443000,-0.06476837400,0.01203972400,0.00255292840
etaWear,FEAC84C53DE7,1728464656383,2024-10-09T12:04:16.383,48.40000000000,0.99782443000,-0.06476837400,0.01203972400,0.00255292840
etaWear,FEAC84C53DE7,1728464656403,2024-10-09T12:04:16.403,48.42000000000,0.99782443000,-0.06476837400,0.01203972400,0.00255292840
etaWear,FEAC84C53DE7,1728464656413,2024-10-09T12:04:16.413,48.43000000000,0.99782443000,-0.06476837400,0.01203972400,0.00255292840
etaWear,FEAC84C53DE7,1728464656423,2024-10-09T12:04:16.423,48.44000000000,0.99782443000,-0.06476837400,0.01203972400,0.00255292840
etaWear,FEAC84C53DE7,1728464656433,2024-10-09T12:04:16.433,48.45000000000,0.99782443000,-0.06476837400,0.01203972400,0.00255292840
etaWear,FEAC84C53DE7,1728464656443,2024-10-09T12:04:16.443,48.46000000000,0.99782443000,-0.06476837400,0.01203972400,0.00255292840
etaWear,FEAC84C53DE7,1728464656453,2024-10-09T12:04:16.453,48.47000000000,0.99782443000,-0.06476837400,0.01203972400,0.00255292840
etaWear,FEAC84C53DE7,1728464656463,2024-10-09T12:04:16.463,48.48000000000,0.99782443000,-0.06476837400,0.01203972400,0.00255292840
etaWear,FEAC84C53DE7,1728464656483,2024-10-09T12:04:16.483,48.50000000000,0.99782443000,-0.06476837400,0.01203972400,0.00255292840
etaWear,FEAC84C53DE7,1728464656493,2024-10-09T12:04:16.493,48.51000000000,0.99782443000,-0.06476837400,0.01203972400,0.00255292840
etaWear,FEAC84C53DE7,1728464656513,2024-10-09T12:04:16.513,48.53000000000,0.99782443000,-0.06476837400,0.01203972400,0.00255292840
etaWear,FEAC84C53DE7,1728464656523,2024-10-09T12:04:16.523,48.54000000000,0.99782443000,-0.06476837400,0.01203972400,0.00255292840
etaWear,FEAC84C53DE7,1728464656533,2024-10-09T12:04:16.533,48.55000000000,0.99782443000,-0.06476837400,0.01203972400,0.00255292840
etaWear,FEAC84C53DE7,1728464656543,2024-10-09T12:04:16.543,48.56000000000,0.99782443000,-0.06476837400,0.01203972400,0.00255292840
etaWear,FEAC84C53DE7,1728464656563,2024-10-09T12:04:16.563,48.58000000000,0.99782443000,-0.06476837400,0.01203972400,0.00255292840
etaWear,FEAC84C53DE7,1728464656573,2024-10-09T12:04:16.573,48.59000000000,0.99782443000,-0.06476837400,0.01203972400,0.00255292840
etaWear,FEAC84C53DE7,1728464656583,2024-10-09T12:04:16.583,48.60000000000,0.99782443000,-0.06476837400,0.01203972400,0.00255292840
etaWear,FEAC84C53DE7,1728464656593,2024-10-09T12:04:16.593,48.61000000000,0.99782443000,-0.06476837400,0.01203972400,0.00255292840
etaWear,FEAC84C53DE7,1728464656603,2024-10-09T12:04:16.603,48.62000000000,0.99782443000,-0.06476837400,0.01203972400,0.00255292840
etaWear,FEAC84C53DE7,1728464656613,2024-10-09T12:04:16.613,48.63000000000,0.99782443000,-0.06476837400,0.01203972400,0.00255292840
etaWear,FEAC84C53DE7,1728464656763,2024-10-09T12:04:16.763,48.78000000000,0.99782443000,-0.06476837400,0.01203972400,0.00255292840
etaWear,FEAC84C53DE7,1728464656773,2024-10-09T12:04:16.773,48.79000000000,0.99782443000,-0.06476837400,0.01203972400,0.00255292840
etaWear,FEAC84C53DE7,1728464656783,2024-10-09T12:04:16.783,48.80000000000,0.99782443000,-0.06476837400,0.01203972400,0.00255292840
etaWear,FEAC84C53DE7,1728464656803,2024-10-09T12:04:16.803,48.82000000000,0.99782443000,-0.06476837400,0.01203972400,0.00255292840
etaWear,FEAC84C53DE7,1728464656813,2024-10-09T12:04:16.813,48.83000000000,0.99782443000,-0.06476837400,0.01203972400,0.00255292840
etaWear,FEAC84C53DE7,1728464656823,2024-10-09T12:04:16.823,48.84000000000,0.99782443000,-0.06476837400,0.01203972400,0.00255292840
etaWear,FEAC84C53DE7,1728464656833,2024-10-09T12:04:16.833,48.85000000000,0.99782443000,-0.06476837400,0.01203972400,0.00255292840
etaWear,FEAC84C53DE7,1728464656843,2024-10-09T12:04:16.843,48.86000000000,0.99782443000,-0.06476837400,0.01203972400,0.00255292840
etaWear,FEAC84C53DE7,1728464656853,2024-10-09T12:04:16.853,48.87000000000,0.99782443000,-0.06476837400,0.01203972400,0.00255292840
etaWear,FEAC84C53DE7,1728464656863,2024-10-09T12:04:16.863,48.88000000000,0.99782443000,-0.06476837400,0.01203972400,0.00255292840
etaWear,FEAC84C53DE7,1728464656883,2024-10-09T12:04:16.883,48.90000000000,0.99782443000,-0.06476837400,0.01203972400,0.00255292840
etaWear,FEAC84C53DE7,1728464656893,2024-10-09T12:04:16.893,48.91000000000,0.99782443000,-0.06476837400,0.01203972400,0.00255292840
etaWear,FEAC84C53DE7,1728464656903,2024-10-09T12:04:16.903,48.92000000000,0.99782443000,-0.06476837400,0.01203972400,0.00255292840
etaWear,FEAC84C53DE7,1728464656913,2024-10-09T12:04:16.913,48.93000000000,0.99782443000,-0.06476837400,0.01203972400,0.00255292840
etaWear,FEAC84C53DE7,1728464656923,2024-10-09T12:04:16.923,48.94000000000,0.99782443000,-0.06476837400,0.01203972400,0.00255292840
etaWear,FEAC84C53DE7,1728464656933,2024-10-09T12:04:16.933,48.95000000000,0.99782443000,-0.06476837400,0.01203972400,0.00255292840
etaWear,FEAC84C53DE7,1728464656943,2024-10-09T12:04:16.943,48.96000000000,0.99782443000,-0.06476837400,0.01203972400,0.00255292840
etaWear,FEAC84C53DE7,1728464656963,2024-10-09T12:04:16.963,48.98000000000,0.99782443000,-0.06476837400,0.01203972400,0.00255292840
etaWear,FEAC84C53DE7,1728464656973,2024-10-09T12:04:16.973,48.99000000000,0.99782443000,-0.06476837400,0.01203972400,0.00255292840
etaWear,FEAC84C53DE7,1728464656983,2024-10-09T12:04:16.983,49.00000000000,0.99782443000,-0.06476837400,0.01203972400,0.00255292840
etaWear,FEAC84C53DE7,1728464656993,2024-10-09T12:04:16.993,49.01000000000,0.99782443000,-0.06476837400,0.01203972400,0.00255292840
etaWear,FEAC84C53DE7,1728464657003,2024-10-09T12:04:17.003,49.02000000000,0.99782443000,-0.06476837400,0.01203972400,0.00255292840
MetaWear,FEAC84C53DE7,1728464657013,2024-10-09T12:04:17.013,49.03000000000,0.99782443000,-0.06476837400,0.01203972400,0.00255292840
etaWear,FEAC84C53DE7,1728464657023,2024-10-09T12:04:17.023,49.04000000000,0.99782443000,-0.06476837400,0.01203972400,0.00255292840
etaWear,FEAC84C53DE7,1728464657043,2024-10-09T12:04:17.043,49.06000000000,0.99782443000,-0.06476837400,0.01203972400,0.00255292840
etaWear,FEAC84C53DE7,1728464657053,2024-10-09T12:04:17.053,49.07000000000,0.99782443000,-0.06476837400,0.01203972400,0.00255292840
etaWear,FEAC84C53DE7,1728464657063,2024-10-09T12:04:17.063,49.08000000000,0.99782443000,-0.06476837400,0.01203972400,0.00255292840
etaWear,FEAC84C53DE7,1728464657073,2024-10-09T12:04:17.073,49.09000000000,0.99782443000,-0.06476837400,0.01203972400,0.00255292840
etaWear,FEAC84C53DE7,1728464657083,2024-10-09T12:04:17.083,49.10000000000,0.99782443000,-0.06476837400,0.01203972400,0.00255292840
etaWear,FEAC84C53DE7,1728464657093,2024-10-09T12:04:17.093,49.11000000000,0.99782443000,-0.06476837400,0.01203972400,0.00255292840
etaWear,FEAC84C53DE7,1728464657103,2024-10-09T12:04:17.103,49.12000000000,0.99782443000,-0.06476837400,0.01203972400,0.00255292840
etaWear,FEAC84C53DE7,1728464657123,2024-10-09T12:04:17.123,49.14000000000,0.99782443000,-0.06476837400,0.01203972400,0.00255292840
etaWear,FEAC84C53DE7,1728464657143,2024-10-09T12:04:17.143,49.16000000000,0.99782443000,-0.06476837400,0.01203972400,0.00255292840
etaWear,FEAC84C53DE7,1728464657153,2024-10-09T12:04:17.153,49.17000000000,0.99782443000,-0.06476837400,0.01203972400,0.00255292840
etaWear,FEAC84C53DE7,1728464657163,2024-10-09T12:04:17.163,49.18000000000,0.99782443000,-0.06476837400,0.01203972400,0.00255292840
etaWear,FEAC84C53DE7,1728464657173,2024-10-09T12:04:17.173,49.19000000000,0.99782443000,-0.06476837400,0.01203972400,0.00255292840
etaWear,FEAC84C53DE7,1728464657183,2024-10-09T12:04:17.183,49.20000000000,0.99782443000,-0.06476837400,0.01203972400,0.00255292840
etaWear,FEAC84C53DE7,1728464657203,2024-10-09T12:04:17.203,49.22000000000,0.99782443000,-0.06476837400,0.01203972400,0.00255292840
etaWear,FEAC84C53DE7,1728464657213,2024-10-09T12:04:17.213,49.23000000000,0.99782443000,-0.06476837400,0.01203972400,0.00255292840
etaWear,FEAC84C53DE7,1728464657223,2024-10-09T12:04:17.223,49.24000000000,0.99782443000,-0.06476837400,0.01203972400,0.00255292840
etaWear,FEAC84C53DE7,1728464657233,2024-10-09T12:04:17.233,49.25000000000,0.99782443000,-0.06476837400,0.01203972400,0.00255292840
etaWear,FEAC84C53DE7,1728464657243,2024-10-09T12:04:17.243,49.26000000000,0.99782443000,-0.06476837400,0.01203972400,0.00255292840
etaWear,FEAC84C53DE7,1728464657253,2024-10-09T12:04:17.253,49.27000000000,0.99782443000,-0.06476837400,0.01203972400,0.00255292840
etaWear,FEAC84C53DE7,1728464657263,2024-10-09T12:04:17.263,49.28000000000,0.99782443000,-0.06476837400,0.01203972400,0.00255292840
etaWear,FEAC84C53DE7,1728464657273,2024-10-09T12:04:17.273,49.29000000000,0.99782443000,-0.06476837400,0.01203972400,0.00255292840
etaWear,FEAC84C53DE7,1728464657293,2024-10-09T12:04:17.293,49.31000000000,0.99782443000,-0.06476837400,0.01203972400,0.00255292840
etaWear,FEAC84C53DE7,1728464657303,2024-10-09T12:04:17.303,49.32000000000,0.99782443000,-0.06476837400,0.01203972400,0.00255292840
etaWear,FEAC84C53DE7,1728464657313,2024-10-09T12:04:17.313,49.33000000000,0.99782443000,-0.06476837400,0.01203972400,0.00255292840
etaWear,FEAC84C53DE7,1728464657323,2024-10-09T12:04:17.323,49.34000000000,0.99782443000,-0.06476837400,0.01203972400,0.00255292840
etaWear,FEAC84C53DE7,1728464657333,2024-10-09T12:04:17.333,49.35000000000,0.99782443000,-0.06476837400,0.01203972400,0.00255292840
etaWear,FEAC84C53DE7,1728464657343,2024-10-09T12:04:17.343,49.36000000000,0.99782443000,-0.06476837400,0.01203972400,0.00255292840
etaWear,FEAC84C53DE7,1728464657353,2024-10-09T12:04:17.353,49.37000000000,0.99782443000,-0.06476837400,0.01203972400,0.00255292840
etaWear,FEAC84C53DE7,1728464657373,2024-10-09T12:04:17.373,49.39000000000,0.99782443000,-0.06476837400,0.01203972400,0.00255292840
etaWear,FEAC84C53DE7,1728464657383,2024-10-09T12:04:17.383,49.40000000000,0.99782443000,-0.06476837400,0.01203972400,0.00255292840
etaWear,FEAC84C53DE7,1728464657393,2024-10-09T12:04:17.393,49.41000000000,0.99782443000,-0.06476837400,0.01203972400,0.00255292840
etaWear,FEAC84C53DE7,1728464657403,2024-10-09T12:04:17.403,49.42000000000,0.99782443000,-0.06476837400,0.01203972400,0.00255292840
etaWear,FEAC84C53DE7,1728464657413,2024-10-09T12:04:17.413,49.43000000000,0.99782443000,-0.06476837400,0.01203972400,0.00255292840
etaWear,FEAC84C53DE7,1728464657423,2024-10-09T12:04:17.423,49.44000000000,0.99782443000,-0.06476837400,0.01203972400,0.00255292840
etaWear,FEAC84C53DE7,1728464657483,2024-10-09T12:04:17.483,49.50000000000,0.99782443000,-0.06476837400,0.01203972400,0.00255292840
etaWear,FEAC84C53DE7,1728464657493,2024-10-09T12:04:17.493,49.51000000000,0.99782443000,-0.06476837400,0.01203972400,0.00255292840
etaWear,FEAC84C53DE7,1728464657503,2024-10-09T12:04:17.503,49.52000000000,0.99782443000,-0.06476837400,0.01203972400,0.00255292840
etaWear,FEAC84C53DE7,1728464657513,2024-10-09T12:04:17.513,49.53000000000,0.99782443000,-0.06476837400,0.01203972400,0.00255292840
etaWear,FEAC84C53DE7,1728464657533,2024-10-09T12:04:17.533,49.55000000000,0.99782443000,-0.06476837400,0.01203972400,0.00255292840
etaWear,FEAC84C53DE7,1728464657553,2024-10-09T12:04:17.553,49.57000000000,0.99782443000,-0.06476837400,0.01203972400,0.00255292840
etaWear,FEAC84C53DE7,1728464657563,2024-10-09T12:04:17.563,49.58000000000,0.99782443000,-0.06476837400,0.01203972400,0.00255292840
etaWear,FEAC84C53DE7,1728464657573,2024-10-09T12:04:17.573,49.59000000000,0.99782443000,-0.06476837400,0.01203972400,0.00255292840
etaWear,FEAC84C53DE7,1728464657583,2024-10-09T12:04:17.583,49.60000000000,0.99782443000,-0.06476837400,0.01203972400,0.00255292840
etaWear,FEAC84C53DE7,1728464657593,2024-10-09T12:04:17.593,49.61000000000,0.99782443000,-0.06476837400,0.01203972400,0.00255292840
etaWear,FEAC84C53DE7,1728464657613,2024-10-09T12:04:17.613,49.63000000000,0.99782443000,-0.06476837400,0.01203972400,0.00255292840
etaWear,FEAC84C53DE7,1728464657623,2024-10-09T12:04:17.623,49.64000000000,0.99782443000,-0.06476837400,0.01203972400,0.00255292840
etaWear,FEAC84C53DE7,1728464657633,2024-10-09T12:04:17.633,49.65000000000,0.99782443000,-0.06476837400,0.01203972400,0.00255292840
etaWear,FEAC84C53DE7,1728464657643,2024-10-09T12:04:17.643,49.66000000000,0.99782443000,-0.06476837400,0.01203972400,0.00255292840
etaWear,FEAC84C53DE7,1728464657653,2024-10-09T12:04:17.653,49.67000000000,0.99782443000,-0.06476837400,0.01203972400,0.00255292840
etaWear,FEAC84C53DE7,1728464657663,2024-10-09T12:04:17.663,49.68000000000,0.99782443000,-0.06476837400,0.01203972400,0.00255292840
etaWear,FEAC84C53DE7,1728464657673,2024-10-09T12:04:17.673,49.69000000000,0.99782443000,-0.06476837400,0.01203972400,0.00255292840
etaWear,FEAC84C53DE7,1728464657693,2024-10-09T12:04:17.693,49.71000000000,0.99782443000,-0.06476837400,0.01203972400,0.00255292840
etaWear,FEAC84C53DE7,1728464657703,2024-10-09T12:04:17.703,49.72000000000,0.99782443000,-0.06476837400,0.01203972400,0.00255292840
etaWear,FEAC84C53DE7,1728464657713,2024-10-09T12:04:17.713,49.73000000000,0.99782443000,-0.06476837400,0.01203972400,0.00255292840
etaWear,FEAC84C53DE7,1728464657723,2024-10-09T12:04:17.723,49.74000000000,0.99782443000,-0.06476837400,0.01203972400,0.00255292840
etaWear,FEAC84C53DE7,1728464657733,2024-10-09T12:04:17.733,49.75000000000,0.99782443000,-0.06476837400,0.01203972400,0.00255292840
etaWear,FEAC84C53DE7,1728464657743,2024-10-09T12:04:17.743,49.76000000000,0.99782443000,-0.06476837400,0.01203972400,0.00255292840
etaWear,FEAC84C53DE7,1728464657753,2024-10-09T12:04:17.753,49.77000000000,0.99782443000,-0.06476837400,0.01203972400,0.00255292840
etaWear,FEAC84C53DE7,1728464657913,2024-10-09T12:04:17.913,49.93000000000,0.99782443000,-0.06476837400,0.01203972400,0.00255292840
etaWear,FEAC84C53DE7,1728464657933,2024-10-09T12:04:17.933,49.95000000000,0.99782443000,-0.06476837400,0.01203972400,0.00255292840
etaWear,FEAC84C53DE7,1728464657943,2024-10-09T12:04:17.943,49.96000000000,0.99782443000,-0.06476837400,0.01203972400,0.00255292840
etaWear,FEAC84C53DE7,1728464657953,2024-10-09T12:04:17.953,49.97000000000,0.99782443000,-0.06476837400,0.01203972400,0.00255292840
etaWear,FEAC84C53DE7,1728464657963,2024-10-09T12:04:17.963,49.98000000000,0.99782443000,-0.06476837400,0.01203972400,0.00255292840
etaWear,FEAC84C53DE7,1728464657973,2024-10-09T12:04:17.973,49.99000000000,0.99782443000,-0.06476837400,0.01203972400,0.00255292840
etaWear,FEAC84C53DE7,1728464657983,2024-10-09T12:04:17.983,50.00000000000,0.99782443000,-0.06476837400,0.01203972400,0.00255292840
etaWear,FEAC84C53DE7,1728464657993,2024-10-09T12:04:17.993,50.01000000000,0.99782443000,-0.06476837400,0.01203972400,0.00255292840
etaWear,FEAC84C53DE7,1728464658013,2024-10-09T12:04:18.013,50.03000000000,0.99782443000,-0.06476837400,0.01203972400,0.00255292840
etaWear,FEAC84C53DE7,1728464658023,2024-10-09T12:04:18.023,50.04000000000,0.99782443000,-0.06476837400,0.01203972400,0.00255292840
etaWear,FEAC84C53DE7,1728464658033,2024-10-09T12:04:18.033,50.05000000000,0.99782443000,-0.06476837400,0.01203972400,0.00255292840
etaWear,FEAC84C53DE7,1728464658043,2024-10-09T12:04:18.043,50.06000000000,0.99782443000,-0.06476837400,0.01203972400,0.00255292840
etaWear,FEAC84C53DE7,1728464658053,2024-10-09T12:04:18.053,50.07000000000,0.99782443000,-0.06476837400,0.01203972400,0.00255292840
etaWear,FEAC84C53DE7,1728464658063,2024-10-09T12:04:18.063,50.08000000000,0.99782443000,-0.06476837400,0.01203972400,0.00255292840
etaWear,FEAC84C53DE7,1728464658073,2024-10-09T12:04:18.073,50.09000000000,0.99782443000,-0.06476837400,0.01203972400,0.00255292840
etaWear,FEAC84C53DE7,1728464658093,2024-10-09T12:04:18.093,50.11000000000,0.99782443000,-0.06476837400,0.01203972400,0.00255292840
etaWear,FEAC84C53DE7,1728464658103,2024-10-09T12:04:18.103,50.12000000000,0.99782443000,-0.06476837400,0.01203972400,0.00255292840
etaWear,FEAC84C53DE7,1728464658113,2024-10-09T12:04:18.113,50.13000000000,0.99782443000,-0.06476837400,0.01203972400,0.00255292840
etaWear,FEAC84C53DE7,1728464658123,2024-10-09T12:04:18.123,50.14000000000,0.99782443000,-0.06476837400,0.01203972400,0.00255292840
etaWear,FEAC84C53DE7,1728464658133,2024-10-09T12:04:18.133,50.15000000000,0.99782443000,-0.06476837400,0.01203972400,0.00255292840
etaWear,FEAC84C53DE7,1728464658143,2024-10-09T12:04:18.143,50.16000000000,0.99782443000,-0.06476837400,0.01203972400,0.00255292840
etaWear,FEAC84C53DE7,1728464658153,2024-10-09T12:04:18.153,50.17000000000,0.99782443000,-0.06476837400,0.01203972400,0.00255292840
etaWear,FEAC84C53DE7,1728464658313,2024-10-09T12:04:18.313,50.33000000000,0.99782443000,-0.06476837400,0.01203972400,0.00255292840
etaWear,FEAC84C53DE7,1728464658333,2024-10-09T12:04:18.333,50.35000000000,0.99782443000,-0.06476837400,0.01203972400,0.00255292840
etaWear,FEAC84C53DE7,1728464658343,2024-10-09T12:04:18.343,50.36000000000,0.99782443000,-0.06476837400,0.01203972400,0.00255292840
etaWear,FEAC84C53DE7,1728464658353,2024-10-09T12:04:18.353,50.37000000000,0.99782443000,-0.06476837400,0.01203972400,0.00255292840
etaWear,FEAC84C53DE7,1728464658363,2024-10-09T12:04:18.363,50.38000000000,0.99782443000,-0.06476837400,0.01203972400,0.00255292840
etaWear,FEAC84C53DE7,1728464658373,2024-10-09T12:04:18.373,50.39000000000,0.99782443000,-0.06476837400,0.01203972400,0.00255292840
etaWear,FEAC84C53DE7,1728464658383,2024-10-09T12:04:18.383,50.40000000000,0.99782443000,-0.06476837400,0.01203972400,0.00255292840
etaWear,FEAC84C53DE7,1728464658393,2024-10-09T12:04:18.393,50.41000000000,0.99782443000,-0.06476837400,0.01203972400,0.00255292840
etaWear,FEAC84C53DE7,1728464658403,2024-10-09T12:04:18.403,50.42000000000,0.99782443000,-0.06476837400,0.01203972400,0.00255292840
etaWear,FEAC84C53DE7,1728464658423,2024-10-09T12:04:18.423,50.44000000000,0.99782443000,-0.06476837400,0.01203972400,0.00255292840
etaWear,FEAC84C53DE7,1728464658433,2024-10-09T12:04:18.433,50.45000000000,0.99782443000,-0.06476837400,0.01203972400,0.00255292840
etaWear,FEAC84C53DE7,1728464658443,2024-10-09T12:04:18.443,50.46000000000,0.99782443000,-0.06476837400,0.01203972400,0.00255292840
etaWear,FEAC84C53DE7,1728464658453,2024-10-09T12:04:18.453,50.47000000000,0.99782443000,-0.06476837400,0.01203972400,0.00255292840
etaWear,FEAC84C53DE7,1728464658463,2024-10-09T12:04:18.463,50.48000000000,0.99782443000,-0.06476837400,0.01203972400,0.00255292840
etaWear,FEAC84C53DE7,1728464658473,2024-10-09T12:04:18.473,50.49000000000,0.99782443000,-0.06476837400,0.01203972400,0.00255292840
etaWear,FEAC84C53DE7,1728464658493,2024-10-09T12:04:18.493,50.51000000000,0.99782443000,-0.06476837400,0.01203972400,0.00255292840
etaWear,FEAC84C53DE7,1728464658503,2024-10-09T12:04:18.503,50.52000000000,0.99782443000,-0.06476837400,0.01203972400,0.00255292840
etaWear,FEAC84C53DE7,1728464658513,2024-10-09T12:04:18.513,50.53000000000,0.99782443000,-0.06476837400,0.01203972400,0.00255292840
etaWear,FEAC84C53DE7,1728464658523,2024-10-09T12:04:18.523,50.54000000000,0.99782443000,-0.06476837400,0.01203972400,0.00255292840
etaWear,FEAC84C53DE7,1728464658533,2024-10-09T12:04:18.533,50.55000000000,0.99782443000,-0.06476837400,0.01203972400,0.00255292840
etaWear,FEAC84C53DE7,1728464658543,2024-10-09T12:04:18.543,50.56000000000,0.99782443000,-0.06476837400,0.01203972400,0.00255292840
etaWear,FEAC84C53DE7,1728464658553,2024-10-09T12:04:18.553,50.57000000000,0.99782443000,-0.06476837400,0.01203972400,0.00255292840
etaWear,FEAC84C53DE7,1728464658563,2024-10-09T12:04:18.563,50.58000000000,0.99782443000,-0.06476837400,0.01203972400,0.00255292840
etaWear,FEAC84C53DE7,1728464658583,2024-10-09T12:04:18.583,50.60000000000,0.99782443000,-0.06476837400,0.01203972400,0.00255292840
MetaWear,FEAC84C53DE7,1728464658593,2024-10-09T12:04:18.593,50.61000000000,0.99782443000,-0.06476837400,0.01203972400,0.00255292840
etaWear,FEAC84C53DE7,1728464658603,2024-10-09T12:04:18.603,50.62000000000,0.99782443000,-0.06476837400,0.01203972400,0.00255292840
etaWear,FEAC84C53DE7,1728464658613,2024-10-09T12:04:18.613,50.63000000000,0.99782443000,-0.06476837400,0.01203972400,0.00255292840
etaWear,FEAC84C53DE7,1728464658623,2024-10-09T12:04:18.623,50.64000000000,0.99782443000,-0.06476837400,0.01203972400,0.00255292840
etaWear,FEAC84C53DE7,1728464658633,2024-10-09T12:04:18.633,50.65000000000,0.99782443000,-0.06476837400,0.01203972400,0.00255292840
etaWear,FEAC84C53DE7,1728464658643,2024-10-09T12:04:18.643,50.66000000000,0.99782443000,-0.06476837400,0.01203972400,0.00255292840
etaWear,FEAC84C53DE7,1728464658663,2024-10-09T12:04:18.663,50.68000000000,0.99782443000,-0.06476837400,0.01203972400,0.00255292840
etaWear,FEAC84C53DE7,1728464658673,2024-10-09T12:04:18.673,50.69000000000,0.99782443000,-0.06476837400,0.01203972400,0.00255292840
etaWear,FEAC84C53DE7,1728464658683,2024-10-09T12:04:18.683,50.70000000000,0.99782443000,-0.06476837400,0.01203972400,0.00255292840
etaWear,FEAC84C53DE7,1728464658693,2024-10-09T12:04:18.693,50.71000000000,0.99782443000,-0.06476837400,0.01203972400,0.00255292840
etaWear,FEAC84C53DE7,1728464658703,2024-10-09T12:04:18.703,50.72000000000,0.99782443000,-0.06476837400,0.01203972400,0.00255292840
etaWear,FEAC84C53DE7,1728464658713,2024-10-09T12:04:18.713,50.73000000000,0.99782443000,-0.06476837400,0.01203972400,0.00255292840
etaWear,FEAC84C53DE7,1728464658723,2024-10-09T12:04:18.723,50.74000000000,0.99782443000,-0.06476837400,0.01203972400,0.00255292840
etaWear,FEAC84C53DE7,1728464658743,2024-10-09T12:04:18.743,50.76000000000,0.99782443000,-0.06476837400,0.01203972400,0.00255292840
etaWear,FEAC84C53DE7,1728464658753,2024-10-09T12:04:18.753,50.77000000000,0.99782443000,-0.06476837400,0.01203972400,0.00255292840
etaWear,FEAC84C53DE7,1728464658763,2024-10-09T12:04:18.763,50.78000000000,0.99782443000,-0.06476837400,0.01203972400,0.00255292840
etaWear,FEAC84C53DE7,1728464658773,2024-10-09T12:04:18.773,50.79000000000,0.99782443000,-0.06476837400,0.01203972400,0.00255292840
etaWear,FEAC84C53DE7,1728464658783,2024-10-09T12:04:18.783,50.80000000000,0.99782443000,-0.06476837400,0.01203972400,0.00255292840
etaWear,FEAC84C53DE7,1728464658793,2024-10-09T12:04:18.793,50.81000000000,0.99782443000,-0.06476837400,0.01203972400,0.00255292840
etaWear,FEAC84C53DE7,1728464658803,2024-10-09T12:04:18.803,50.82000000000,0.99782443000,-0.06476837400,0.01203972400,0.00255292840
etaWear,FEAC84C53DE7,1728464658823,2024-10-09T12:04:18.823,50.84000000000,0.99782443000,-0.06476837400,0.01203972400,0.00255292840
etaWear,FEAC84C53DE7,1728464658833,2024-10-09T12:04:18.833,50.85000000000,0.99782443000,-0.06476837400,0.01203972400,0.00255292840
etaWear,FEAC84C53DE7,1728464658843,2024-10-09T12:04:18.843,50.86000000000,0.99782443000,-0.06476837400,0.01203972400,0.00255292840
etaWear,FEAC84C53DE7,1728464658853,2024-10-09T12:04:18.853,50.87000000000,0.99782443000,-0.06476837400,0.01203972400,0.00255292840
etaWear,FEAC84C53DE7,1728464658863,2024-10-09T12:04:18.863,50.88000000000,0.99782443000,-0.06476837400,0.01203972400,0.00255292840
etaWear,FEAC84C53DE7,1728464658873,2024-10-09T12:04:18.873,50.89000000000,0.99782443000,-0.06476837400,0.01203972400,0.00255292840
etaWear,FEAC84C53DE7,1728464658963,2024-10-09T12:04:18.963,50.98000000000,0.99782443000,-0.06476837400,0.01203972400,0.00255292840
etaWear,FEAC84C53DE7,1728464658983,2024-10-09T12:04:18.983,51.00000000000,0.99782443000,-0.06476837400,0.01203972400,0.00255292840
etaWear,FEAC84C53DE7,1728464658993,2024-10-09T12:04:18.993,51.01000000000,0.99782443000,-0.06476837400,0.01203972400,0.00255292840
etaWear,FEAC84C53DE7,1728464659003,2024-10-09T12:04:19.003,51.02000000000,0.99782443000,-0.06476837400,0.01203972400,0.00255292840
etaWear,FEAC84C53DE7,1728464659013,2024-10-09T12:04:19.013,51.03000000000,0.99782443000,-0.06476837400,0.01203972400,0.00255292840
etaWear,FEAC84C53DE7,1728464659023,2024-10-09T12:04:19.023,51.04000000000,0.99782443000,-0.06476837400,0.01203972400,0.00255292840
etaWear,FEAC84C53DE7,1728464659033,2024-10-09T12:04:19.033,51.05000000000,0.99782443000,-0.06476837400,0.01203972400,0.00255292840
etaWear,FEAC84C53DE7,1728464659043,2024-10-09T12:04:19.043,51.06000000000,0.99782443000,-0.06476837400,0.01203972400,0.00255292840
etaWear,FEAC84C53DE7,1728464659063,2024-10-09T12:04:19.063,51.08000000000,0.99782443000,-0.06476837400,0.01203972400,0.00255292840
etaWear,FEAC84C53DE7,1728464659073,2024-10-09T12:04:19.073,51.09000000000,0.99782443000,-0.06476837400,0.01203972400,0.00255292840
etaWear,FEAC84C53DE7,1728464659083,2024-10-09T12:04:19.083,51.10000000000,0.99782443000,-0.06476837400,0.01203972400,0.00255292840
etaWear,FEAC84C53DE7,1728464659093,2024-10-09T12:04:19.093,51.11000000000,0.99782443000,-0.06476837400,0.01203972400,0.00255292840
etaWear,FEAC84C53DE7,1728464659103,2024-10-09T12:04:19.103,51.12000000000,0.99782443000,-0.06476837400,0.01203972400,0.00255292840
etaWear,FEAC84C53DE7,1728464659113,2024-10-09T12:04:19.113,51.13000000000,0.99782443000,-0.06476837400,0.01203972400,0.00255292840
etaWear,FEAC84C53DE7,1728464659123,2024-10-09T12:04:19.123,51.14000000000,0.99782443000,-0.06476837400,0.01203972400,0.00255292840
etaWear,FEAC84C53DE7,1728464659143,2024-10-09T12:04:19.143,51.16000000000,0.99782443000,-0.06476837400,0.01203972400,0.00255292840
etaWear,FEAC84C53DE7,1728464659153,2024-10-09T12:04:19.153,51.17000000000,0.99782443000,-0.06476837400,0.01203972400,0.00255292840
etaWear,FEAC84C53DE7,1728464659163,2024-10-09T12:04:19.163,51.18000000000,0.99782443000,-0.06476837400,0.01203972400,0.00255292840
etaWear,FEAC84C53DE7,1728464659173,2024-10-09T12:04:19.173,51.19000000000,0.99782443000,-0.06476837400,0.01203972400,0.00255292840
etaWear,FEAC84C53DE7,1728464659183,2024-10-09T12:04:19.183,51.20000000000,0.99782443000,-0.06476837400,0.01203972400,0.00255292840
etaWear,FEAC84C53DE7,1728464659193,2024-10-09T12:04:19.193,51.21000000000,0.99782443000,-0.06476837400,0.01203972400,0.00255292840
etaWear,FEAC84C53DE7,1728464659203,2024-10-09T12:04:19.203,51.22000000000,0.99782443000,-0.06476837400,0.01203972400,0.00255292840
etaWear,FEAC84C53DE7,1728464659223,2024-10-09T12:04:19.223,51.24000000000,0.99782443000,-0.06476837400,0.01203972400,0.00255292840
etaWear,FEAC84C53DE7,1728464659233,2024-10-09T12:04:19.233,51.25000000000,0.99782443000,-0.06476837400,0.01203972400,0.00255292840
etaWear,FEAC84C53DE7,1728464659243,2024-10-09T12:04:19.243,51.26000000000,0.99782443000,-0.06476837400,0.01203972400,0.00255292840
MetaWear,FEAC84C53DE7,1728464659253,2024-10-09T12:04:19.253,51.27000000000,0.99782443000,-0.06476837400,0.01203972400,0.00255292840
etaWear,FEAC84C53DE7,1728464659263,2024-10-09T12:04:19.263,51.28000000000,0.99782443000,-0.06476837400,0.01203972400,0.00255292840
etaWear,FEAC84C53DE7,1728464659273,2024-10-09T12:04:19.273,51.29000000000,0.99782443000,-0.06476837400,0.01203972400,0.00255292840
etaWear,FEAC84C53DE7,1728464659283,2024-10-09T12:04:19.283,51.30000000000,0.99782443000,-0.06476837400,0.01203972400,0.00255292840
etaWear,FEAC84C53DE7,1728464659303,2024-10-09T12:04:19.303,51.32000000000,0.99782443000,-0.06476837400,0.01203972400,0.00255292840
etaWear,FEAC84C53DE7,1728464659313,2024-10-09T12:04:19.313,51.33000000000,0.99782443000,-0.06476837400,0.01203972400,0.00255292840
etaWear,FEAC84C53DE7,1728464659323,2024-10-09T12:04:19.323,51.34000000000,0.99781656000,-0.06487170600,0.01213742900,0.00254781300
etaWear,FEAC84C53DE7,1728464659333,2024-10-09T12:04:19.333,51.35000000000,0.99781730000,-0.06487156000,0.01207968000,0.00255156750
etaWear,FEAC84C53DE7,1728464659343,2024-10-09T12:04:19.343,51.36000000000,0.99781847000,-0.06487130400,0.01197991500,0.00255805370
etaWear,FEAC84C53DE7,1728464659353,2024-10-09T12:04:19.353,51.37000000000,0.99782440000,-0.06479750600,0.01188559000,0.00256331520
etaWear,FEAC84C53DE7,1728464659363,2024-10-09T12:04:19.363,51.38000000000,0.99782336000,-0.06479772000,0.01196965000,0.00255785650
etaWear,FEAC84C53DE7,1728464659383,2024-10-09T12:04:19.383,51.40000000000,0.99781835000,-0.06485468000,0.01207778300,0.00255150490
etaWear,FEAC84C53DE7,1728464659393,2024-10-09T12:04:19.393,51.41000000000,0.99781835000,-0.06485468000,0.01207778300,0.00255150490
etaWear,FEAC84C53DE7,1728464659403,2024-10-09T12:04:19.403,51.42000000000,0.99782370000,-0.06479137000,0.01197292700,0.00255756760
etaWear,FEAC84C53DE7,1728464659413,2024-10-09T12:04:19.413,51.43000000000,0.99782370000,-0.06479137000,0.01197292700,0.00255756760
etaWear,FEAC84C53DE7,1728464659423,2024-10-09T12:04:19.423,51.44000000000,0.99782294000,-0.06479153000,0.01203597800,0.00255347350
etaWear,FEAC84C53DE7,1728464659443,2024-10-09T12:04:19.443,51.46000000000,0.99782217000,-0.06479169000,0.01209786300,0.00254945500
etaWear,FEAC84C53DE7,1728464659463,2024-10-09T12:04:19.463,51.48000000000,0.99782290000,-0.06479154000,0.01204011400,0.00255320480
etaWear,FEAC84C53DE7,1728464659473,2024-10-09T12:04:19.473,51.49000000000,0.99782354000,-0.06479140000,0.01198761700,0.00255661340
etaWear,FEAC84C53DE7,1728464659483,2024-10-09T12:04:19.483,51.50000000000,0.99782354000,-0.06479140000,0.01198761700,0.00255661340
etaWear,FEAC84C53DE7,1728464659493,2024-10-09T12:04:19.493,51.51000000000,0.99782354000,-0.06479140000,0.01198761700,0.00255661340
etaWear,FEAC84C53DE7,1728464659503,2024-10-09T12:04:19.503,51.52000000000,0.99782354000,-0.06479140000,0.01198761700,0.00255661340
etaWear,FEAC84C53DE7,1728464659513,2024-10-09T12:04:19.513,51.53000000000,0.99782354000,-0.06479140000,0.01198761700,0.00255661340
etaWear,FEAC84C53DE7,1728464659523,2024-10-09T12:04:19.523,51.54000000000,0.99782354000,-0.06479140000,0.01198761700,0.00255661340
etaWear,FEAC84C53DE7,1728464659543,2024-10-09T12:04:19.543,51.56000000000,0.99782450000,-0.06479120000,0.01190886000,0.00256172730
etaWear,FEAC84C53DE7,1728464659553,2024-10-09T12:04:19.553,51.57000000000,0.99782450000,-0.06479120000,0.01190886000,0.00256172730
MetaWear,FEAC84C53DE7,1728464659573,2024-10-09T12:04:19.573,51.59000000000,0.99782360000,-0.06479139000,0.01198241600,0.00255695100
etaWear,FEAC84C53DE7,1728464659583,2024-10-09T12:04:19.583,51.60000000000,0.99782360000,-0.06479139000,0.01198241600,0.00255695100
etaWear,FEAC84C53DE7,1728464659593,2024-10-09T12:04:19.593,51.61000000000,0.99782467000,-0.06479116000,0.01189315400,0.00256274700
etaWear,FEAC84C53DE7,1728464659603,2024-10-09T12:04:19.603,51.62000000000,0.99782540000,-0.06479100000,0.01183132000,0.00256676200
etaWear,FEAC84C53DE7,1728464659623,2024-10-09T12:04:19.623,51.64000000000,0.99782450000,-0.06479119000,0.01190487600,0.00256198600
etaWear,FEAC84C53DE7,1728464659633,2024-10-09T12:04:19.633,51.65000000000,0.99782450000,-0.06479119000,0.01190487600,0.00256198600
etaWear,FEAC84C53DE7,1728464659643,2024-10-09T12:04:19.643,51.66000000000,0.99782450000,-0.06479119000,0.01190487600,0.00256198600
etaWear,FEAC84C53DE7,1728464659653,2024-10-09T12:04:19.653,51.67000000000,0.99782530000,-0.06479100000,0.01183273200,0.00256667050
etaWear,FEAC84C53DE7,1728464659663,2024-10-09T12:04:19.663,51.68000000000,0.99782610000,-0.06479086000,0.01177498500,0.00257042050
etaWear,FEAC84C53DE7,1728464659673,2024-10-09T12:04:19.673,51.69000000000,0.99782610000,-0.06479086000,0.01177498500,0.00257042050
etaWear,FEAC84C53DE7,1728464659683,2024-10-09T12:04:19.683,51.70000000000,0.99782526000,-0.06479104000,0.01184328900,0.00256598530
etaWear,FEAC84C53DE7,1728464659693,2024-10-09T12:04:19.693,51.71000000000,0.99782526000,-0.06479104000,0.01184328900,0.00256598530
etaWear,FEAC84C53DE7,1728464659713,2024-10-09T12:04:19.713,51.73000000000,0.99782590000,-0.06479089000,0.01178661000,0.00256966570
etaWear,FEAC84C53DE7,1728464659723,2024-10-09T12:04:19.723,51.74000000000,0.99782590000,-0.06479089000,0.01178661000,0.00256966570
etaWear,FEAC84C53DE7,1728464659733,2024-10-09T12:04:19.733,51.75000000000,0.99782590000,-0.06479089000,0.01178661000,0.00256966570
etaWear,FEAC84C53DE7,1728464659743,2024-10-09T12:04:19.743,51.76000000000,0.99782590000,-0.06479089000,0.01178661000,0.00256966570
etaWear,FEAC84C53DE7,1728464659753,2024-10-09T12:04:19.753,51.77000000000,0.99782590000,-0.06479089000,0.01178661000,0.00256966570
etaWear,FEAC84C53DE7,1728464659763,2024-10-09T12:04:19.763,51.78000000000,0.99782590000,-0.06479089000,0.01178661000,0.00256966570
etaWear,FEAC84C53DE7,1728464659773,2024-10-09T12:04:19.773,51.79000000000,0.99782590000,-0.06479089000,0.01178661000,0.00256966570
etaWear,FEAC84C53DE7,1728464659793,2024-10-09T12:04:19.793,51.81000000000,0.99782590000,-0.06479089000,0.01178661000,0.00256966570
etaWear,FEAC84C53DE7,1728464659803,2024-10-09T12:04:19.803,51.82000000000,0.99782590000,-0.06479089000,0.01178661000,0.00256966570
etaWear,FEAC84C53DE7,1728464659813,2024-10-09T12:04:19.813,51.83000000000,0.99782590000,-0.06479089000,0.01178661000,0.00256966570
etaWear,FEAC84C53DE7,1728464659823,2024-10-09T12:04:19.823,51.84000000000,0.99782590000,-0.06479089000,0.01178661000,0.00256966570
etaWear,FEAC84C53DE7,1728464659833,2024-10-09T12:04:19.833,51.85000000000,0.99782590000,-0.06479089000,0.01178661000,0.00256966570
etaWear,FEAC84C53DE7,1728464659843,2024-10-09T12:04:19.843,51.86000000000,0.99782590000,-0.06479089000,0.01178661000,0.00256966570
etaWear,FEAC84C53DE7,1728464659853,2024-10-09T12:04:19.853,51.87000000000,0.99782590000,-0.06479089000,0.01178661000,0.00256966570
etaWear,FEAC84C53DE7,1728464659873,2024-10-09T12:04:19.873,51.89000000000,0.99782590000,-0.06479089000,0.01178661000,0.00256966570
etaWear,FEAC84C53DE7,1728464659883,2024-10-09T12:04:19.883,51.90000000000,0.99782590000,-0.06479089000,0.01178661000,0.00256966570
etaWear,FEAC84C53DE7,1728464659893,2024-10-09T12:04:19.893,51.91000000000,0.99782590000,-0.06479089000,0.01178661000,0.00256966570
etaWear,FEAC84C53DE7,1728464659903,2024-10-09T12:04:19.903,51.92000000000,0.99782590000,-0.06479089000,0.01178661000,0.00256966570
etaWear,FEAC84C53DE7,1728464659913,2024-10-09T12:04:19.913,51.93000000000,0.99782590000,-0.06479089000,0.01178661000,0.00256966570
etaWear,FEAC84C53DE7,1728464659923,2024-10-09T12:04:19.923,51.94000000000,0.99782590000,-0.06479089000,0.01178661000,0.00256966570
MetaWear,FEAC84C53DE7,1728464659573,2024-10-09T12:04:19.573,51.59000000000,0.99782360000,-0.06479139000,0.01198241600,0.00255695100
etaWear,FEAC84C53DE7,1728464659583,2024-10-09T12:04:19.583,51.60000000000,0.99782360000,-0.06479139000,0.01198241600,0.00255695100
etaWear,FEAC84C53DE7,1728464659593,2024-10-09T12:04:19.593,51.61000000000,0.99782467000,-0.06479116000,0.01189315400,0.00256274700
etaWear,FEAC84C53DE7,1728464659603,2024-10-09T12:04:19.603,51.62000000000,0.99782540000,-0.06479100000,0.01183132000,0.00256676200
etaWear,FEAC84C53DE7,1728464659623,2024-10-09T12:04:19.623,51.64000000000,0.99782450000,-0.06479119000,0.01190487600,0.00256198600
etaWear,FEAC84C53DE7,1728464659633,2024-10-09T12:04:19.633,51.65000000000,0.99782450000,-0.06479119000,0.01190487600,0.00256198600
etaWear,FEAC84C53DE7,1728464659643,2024-10-09T12:04:19.643,51.66000000000,0.99782450000,-0.06479119000,0.01190487600,0.00256198600
etaWear,FEAC84C53DE7,1728464659653,2024-10-09T12:04:19.653,51.67000000000,0.99782530000,-0.06479100000,0.01183273200,0.00256667050
etaWear,FEAC84C53DE7,1728464659663,2024-10-09T12:04:19.663,51.68000000000,0.99782610000,-0.06479086000,0.01177498500,0.00257042050
etaWear,FEAC84C53DE7,1728464659673,2024-10-09T12:04:19.673,51.69000000000,0.99782610000,-0.06479086000,0.01177498500,0.00257042050
etaWear,FEAC84C53DE7,1728464659683,2024-10-09T12:04:19.683,51.70000000000,0.99782526000,-0.06479104000,0.01184328900,0.00256598530
etaWear,FEAC84C53DE7,1728464659693,2024-10-09T12:04:19.693,51.71000000000,0.99782526000,-0.06479104000,0.01184328900,0.00256598530
etaWear,FEAC84C53DE7,1728464659713,2024-10-09T12:04:19.713,51.73000000000,0.99782590000,-0.06479089000,0.01178661000,0.00256966570
etaWear,FEAC84C53DE7,1728464659723,2024-10-09T12:04:19.723,51.74000000000,0.99782590000,-0.06479089000,0.01178661000,0.00256966570
etaWear,FEAC84C53DE7,1728464659733,2024-10-09T12:04:19.733,51.75000000000,0.99782590000,-0.06479089000,0.01178661000,0.00256966570
etaWear,FEAC84C53DE7,1728464659743,2024-10-09T12:04:19.743,51.76000000000,0.99782590000,-0.06479089000,0.01178661000,0.00256966570
etaWear,FEAC84C53DE7,1728464659753,2024-10-09T12:04:19.753,51.77000000000,0.99782590000,-0.06479089000,0.01178661000,0.00256966570
etaWear,FEAC84C53DE7,1728464659763,2024-10-09T12:04:19.763,51.78000000000,0.99782590000,-0.06479089000,0.01178661000,0.00256966570
etaWear,FEAC84C53DE7,1728464659773,2024-10-09T12:04:19.773,51.79000000000,0.99782590000,-0.06479089000,0.01178661000,0.00256966570
etaWear,FEAC84C53DE7,1728464659793,2024-10-09T12:04:19.793,51.81000000000,0.99782590000,-0.06479089000,0.01178661000,0.00256966570
etaWear,FEAC84C53DE7,1728464659803,2024-10-09T12:04:19.803,51.82000000000,0.99782590000,-0.06479089000,0.01178661000,0.00256966570
etaWear,FEAC84C53DE7,1728464659813,2024-10-09T12:04:19.813,51.83000000000,0.99782590000,-0.06479089000,0.01178661000,0.00256966570
etaWear,FEAC84C53DE7,1728464659823,2024-10-09T12:04:19.823,51.84000000000,0.99782590000,-0.06479089000,0.01178661000,0.00256966570
etaWear,FEAC84C53DE7,1728464659833,2024-10-09T12:04:19.833,51.85000000000,0.99782590000,-0.06479089000,0.01178661000,0.00256966570
etaWear,FEAC84C53DE7,1728464659843,2024-10-09T12:04:19.843,51.86000000000,0.99782590000,-0.06479089000,0.01178661000,0.00256966570
etaWear,FEAC84C53DE7,1728464659853,2024-10-09T12:04:19.853,51.87000000000,0.99782590000,-0.06479089000,0.01178661000,0.00256966570
etaWear,FEAC84C53DE7,1728464659873,2024-10-09T12:04:19.873,51.89000000000,0.99782590000,-0.06479089000,0.01178661000,0.00256966570
etaWear,FEAC84C53DE7,1728464659883,2024-10-09T12:04:19.883,51.90000000000,0.99782590000,-0.06479089000,0.01178661000,0.00256966570
etaWear,FEAC84C53DE7,1728464659893,2024-10-09T12:04:19.893,51.91000000000,0.99782590000,-0.06479089000,0.01178661000,0.00256966570
etaWear,FEAC84C53DE7,1728464659903,2024-10-09T12:04:19.903,51.92000000000,0.99782590000,-0.06479089000,0.01178661000,0.00256966570
etaWear,FEAC84C53DE7,1728464659913,2024-10-09T12:04:19.913,51.93000000000,0.99782590000,-0.06479089000,0.01178661000,0.00256966570
etaWear,FEAC84C53DE7,1728464659923,2024-10-09T12:04:19.923,51.94000000000,0.99782590000,-0.06479089000,0.01178661000,0.00256966570
etaWear,FEAC84C53DE7,1728464661013,2024-10-09T12:04:21.013,53.03000000000,0.99782590000,-0.06479089000,0.01178661000,0.00256966570
etaWear,FEAC84C53DE7,1728464661023,2024-10-09T12:04:21.023,53.04000000000,0.99782590000,-0.06479089000,0.01178661000,0.00256966570
etaWear,FEAC84C53DE7,1728464661033,2024-10-09T12:04:21.033,53.05000000000,0.99782590000,-0.06479089000,0.01178661000,0.00256966570
etaWear,FEAC84C53DE7,1728464661043,2024-10-09T12:04:21.043,53.06000000000,0.99782590000,-0.06479089000,0.01178661000,0.00256966570
etaWear,FEAC84C53DE7,1728464661053,2024-10-09T12:04:21.053,53.07000000000,0.99782590000,-0.06479089000,0.01178661000,0.00256966570
etaWear,FEAC84C53DE7,1728464661063,2024-10-09T12:04:21.063,53.08000000000,0.99782590000,-0.06479089000,0.01178661000,0.00256966570
etaWear,FEAC84C53DE7,1728464661083,2024-10-09T12:04:21.083,53.10000000000,0.99782590000,-0.06479089000,0.01178661000,0.00256966570
etaWear,FEAC84C53DE7,1728464661093,2024-10-09T12:04:21.093,53.11000000000,0.99782590000,-0.06479089000,0.01178661000,0.00256966570
etaWear,FEAC84C53DE7,1728464661103,2024-10-09T12:04:21.103,53.12000000000,0.99782590000,-0.06479089000,0.01178661000,0.00256966570
etaWear,FEAC84C53DE7,1728464661113,2024-10-09T12:04:21.113,53.13000000000,0.99782590000,-0.06479089000,0.01178661000,0.00256966570
etaWear,FEAC84C53DE7,1728464661213,2024-10-09T12:04:21.213,53.23000000000,0.99782590000,-0.06479089000,0.01178661000,0.00256966570
etaWear,FEAC84C53DE7,1728464661223,2024-10-09T12:04:21.223,53.24000000000,0.99782590000,-0.06479089000,0.01178661000,0.00256966570
etaWear,FEAC84C53DE7,1728464661243,2024-10-09T12:04:21.243,53.26000000000,0.99782590000,-0.06479089000,0.01178661000,0.00256966570
etaWear,FEAC84C53DE7,1728464661253,2024-10-09T12:04:21.253,53.27000000000,0.99782590000,-0.06479089000,0.01178661000,0.00256966570
etaWear,FEAC84C53DE7,1728464661263,2024-10-09T12:04:21.263,53.28000000000,0.99782590000,-0.06479089000,0.01178661000,0.00256966570
etaWear,FEAC84C53DE7,1728464661273,2024-10-09T12:04:21.273,53.29000000000,0.99782590000,-0.06479089000,0.01178661000,0.00256966570
etaWear,FEAC84C53DE7,1728464661283,2024-10-09T12:04:21.283,53.30000000000,0.99782590000,-0.06479089000,0.01178661000,0.00256966570
etaWear,FEAC84C53DE7,1728464661293,2024-10-09T12:04:21.293,53.31000000000,0.99782590000,-0.06479089000,0.01178661000,0.00256966570
etaWear,FEAC84C53DE7,1728464661303,2024-10-09T12:04:21.303,53.32000000000,0.99782590000,-0.06479089000,0.01178661000,0.00256966570
etaWear,FEAC84C53DE7,1728464661323,2024-10-09T12:04:21.323,53.34000000000,0.99782590000,-0.06479089000,0.01178661000,0.00256966570
etaWear,FEAC84C53DE7,1728464661333,2024-10-09T12:04:21.333,53.35000000000,0.99782590000,-0.06479089000,0.01178661000,0.00256966570
etaWear,FEAC84C53DE7,1728464661343,2024-10-09T12:04:21.343,53.36000000000,0.99782590000,-0.06479089000,0.01178661000,0.00256966570
etaWear,FEAC84C53DE7,1728464661353,2024-10-09T12:04:21.353,53.37000000000,0.99782590000,-0.06479089000,0.01178661000,0.00256966570
etaWear,FEAC84C53DE7,1728464661363,2024-10-09T12:04:21.363,53.38000000000,0.99782590000,-0.06479089000,0.01178661000,0.00256966570
etaWear,FEAC84C53DE7,1728464661373,2024-10-09T12:04:21.373,53.39000000000,0.99782590000,-0.06479089000,0.01178661000,0.00256966570
etaWear,FEAC84C53DE7,1728464661383,2024-10-09T12:04:21.383,53.40000000000,0.99782590000,-0.06479089000,0.01178661000,0.00256966570
etaWear,FEAC84C53DE7,1728464661403,2024-10-09T12:04:21.403,53.42000000000,0.99782590000,-0.06479089000,0.01178661000,0.00256966570
etaWear,FEAC84C53DE7,1728464661413,2024-10-09T12:04:21.413,53.43000000000,0.99782590000,-0.06479089000,0.01178661000,0.00256966570
etaWear,FEAC84C53DE7,1728464661433,2024-10-09T12:04:21.433,53.45000000000,0.99782590000,-0.06479089000,0.01178661000,0.00256966570
etaWear,FEAC84C53DE7,1728464661443,2024-10-09T12:04:21.443,53.46000000000,0.99782590000,-0.06479089000,0.01178661000,0.00256966570
etaWear,FEAC84C53DE7,1728464661453,2024-10-09T12:04:21.453,53.47000000000,0.99782590000,-0.06479089000,0.01178661000,0.00256966570
etaWear,FEAC84C53DE7,1728464661463,2024-10-09T12:04:21.463,53.48000000000,0.99782590000,-0.06479089000,0.01178661000,0.00256966570
etaWear,FEAC84C53DE7,1728464661483,2024-10-09T12:04:21.483,53.50000000000,0.99782590000,-0.06479089000,0.01178661000,0.00256966570
etaWear,FEAC84C53DE7,1728464661493,2024-10-09T12:04:21.493,53.51000000000,0.99782590000,-0.06479089000,0.01178661000,0.00256966570
etaWear,FEAC84C53DE7,1728464661503,2024-10-09T12:04:21.503,53.52000000000,0.99782590000,-0.06479089000,0.01178661000,0.00256966570
etaWear,FEAC84C53DE7,1728464661513,2024-10-09T12:04:21.513,53.53000000000,0.99782590000,-0.06479089000,0.01178661000,0.00256966570
etaWear,FEAC84C53DE7,1728464661523,2024-10-09T12:04:21.523,53.54000000000,0.99782590000,-0.06479089000,0.01178661000,0.00256966570
etaWear,FEAC84C53DE7,1728464661533,2024-10-09T12:04:21.533,53.55000000000,0.99782590000,-0.06479089000,0.01178661000,0.00256966570
etaWear,FEAC84C53DE7,1728464661543,2024-10-09T12:04:21.543,53.56000000000,0.99782590000,-0.06479089000,0.01178661000,0.00256966570
etaWear,FEAC84C53DE7,1728464661563,2024-10-09T12:04:21.563,53.58000000000,0.99782590000,-0.06479089000,0.01178661000,0.00256966570
etaWear,FEAC84C53DE7,1728464661573,2024-10-09T12:04:21.573,53.59000000000,0.99782590000,-0.06479089000,0.01178661000,0.00256966570
etaWear,FEAC84C53DE7,1728464661583,2024-10-09T12:04:21.583,53.60000000000,0.99782590000,-0.06479089000,0.01178661000,0.00256966570
etaWear,FEAC84C53DE7,1728464661593,2024-10-09T12:04:21.593,53.61000000000,0.99782590000,-0.06479089000,0.01178661000,0.00256966570
etaWear,FEAC84C53DE7,1728464661603,2024-10-09T12:04:21.603,53.62000000000,0.99782590000,-0.06479089000,0.01178661000,0.00256966570
etaWear,FEAC84C53DE7,1728464661613,2024-10-09T12:04:21.613,53.63000000000,0.99782590000,-0.06479089000,0.01178661000,0.00256966570
etaWear,FEAC84C53DE7,1728464661623,2024-10-09T12:04:21.623,53.64000000000,0.99782590000,-0.06479089000,0.01178661000,0.00256966570
etaWear,FEAC84C53DE7,1728464661643,2024-10-09T12:04:21.643,53.66000000000,0.99782590000,-0.06479089000,0.01178661000,0.00256966570
etaWear,FEAC84C53DE7,1728464661653,2024-10-09T12:04:21.653,53.67000000000,0.99782590000,-0.06479089000,0.01178661000,0.00256966570
etaWear,FEAC84C53DE7,1728464661663,2024-10-09T12:04:21.663,53.68000000000,0.99782590000,-0.06479089000,0.01178661000,0.00256966570
etaWear,FEAC84C53DE7,1728464661673,2024-10-09T12:04:21.673,53.69000000000,0.99782590000,-0.06479089000,0.01178661000,0.00256966570
etaWear,FEAC84C53DE7,1728464661683,2024-10-09T12:04:21.683,53.70000000000,0.99782590000,-0.06479089000,0.01178661000,0.00256966570
etaWear,FEAC84C53DE7,1728464661693,2024-10-09T12:04:21.693,53.71000000000,0.99782590000,-0.06479089000,0.01178661000,0.00256966570
etaWear,FEAC84C53DE7,1728464661703,2024-10-09T12:04:21.703,53.72000000000,0.99782590000,-0.06479089000,0.01178661000,0.00256966570
etaWear,FEAC84C53DE7,1728464661723,2024-10-09T12:04:21.723,53.74000000000,0.99782590000,-0.06479089000,0.01178661000,0.00256966570
etaWear,FEAC84C53DE7,1728464661733,2024-10-09T12:04:21.733,53.75000000000,0.99782590000,-0.06479089000,0.01178661000,0.00256966570
etaWear,FEAC84C53DE7,1728464661743,2024-10-09T12:04:21.743,53.76000000000,0.99782590000,-0.06479089000,0.01178661000,0.00256966570
etaWear,FEAC84C53DE7,1728464661753,2024-10-09T12:04:21.753,53.77000000000,0.99782590000,-0.06479089000,0.01178661000,0.00256966570
etaWear,FEAC84C53DE7,1728464661763,2024-10-09T12:04:21.763,53.78000000000,0.99782590000,-0.06479089000,0.01178661000,0.00256966570
etaWear,FEAC84C53DE7,1728464661773,2024-10-09T12:04:21.773,53.79000000000,0.99782590000,-0.06479089000,0.01178661000,0.00256966570
etaWear,FEAC84C53DE7,1728464661803,2024-10-09T12:04:21.803,53.82000000000,0.99782590000,-0.06479089000,0.01178661000,0.00256966570
etaWear,FEAC84C53DE7,1728464661813,2024-10-09T12:04:21.813,53.83000000000,0.99782590000,-0.06479089000,0.01178661000,0.00256966570
etaWear,FEAC84C53DE7,1728464661823,2024-10-09T12:04:21.823,53.84000000000,0.99782590000,-0.06479089000,0.01178661000,0.00256966570
etaWear,FEAC84C53DE7,1728464661843,2024-10-09T12:04:21.843,53.86000000000,0.99782590000,-0.06479089000,0.01178661000,0.00256966570
etaWear,FEAC84C53DE7,1728464661853,2024-10-09T12:04:21.853,53.87000000000,0.99782590000,-0.06479089000,0.01178661000,0.00256966570
etaWear,FEAC84C53DE7,1728464661863,2024-10-09T12:04:21.863,53.88000000000,0.99782590000,-0.06479089000,0.01178661000,0.00256966570
etaWear,FEAC84C53DE7,1728464661883,2024-10-09T12:04:21.883,53.90000000000,0.99782590000,-0.06479089000,0.01178661000,0.00256966570
etaWear,FEAC84C53DE7,1728464661893,2024-10-09T12:04:21.893,53.91000000000,0.99782590000,-0.06479089000,0.01178661000,0.00256966570
etaWear,FEAC84C53DE7,1728464661903,2024-10-09T12:04:21.903,53.92000000000,0.99782590000,-0.06479089000,0.01178661000,0.00256966570
etaWear,FEAC84C53DE7,1728464661913,2024-10-09T12:04:21.913,53.93000000000,0.99782590000,-0.06479089000,0.01178661000,0.00256966570
etaWear,FEAC84C53DE7,1728464662073,2024-10-09T12:04:22.073,54.09000000000,0.99782590000,-0.06479089000,0.01178661000,0.00256966570
etaWear,FEAC84C53DE7,1728464662083,2024-10-09T12:04:22.083,54.10000000000,0.99782590000,-0.06479089000,0.01178661000,0.00256966570
etaWear,FEAC84C53DE7,1728464662093,2024-10-09T12:04:22.093,54.11000000000,0.99782590000,-0.06479089000,0.01178661000,0.00256966570
etaWear,FEAC84C53DE7,1728464662103,2024-10-09T12:04:22.103,54.12000000000,0.99782590000,-0.06479089000,0.01178661000,0.00256966570
etaWear,FEAC84C53DE7,1728464662123,2024-10-09T12:04:22.123,54.14000000000,0.99782590000,-0.06479089000,0.01178661000,0.00256966570
etaWear,FEAC84C53DE7,1728464662133,2024-10-09T12:04:22.133,54.15000000000,0.99782590000,-0.06479089000,0.01178661000,0.00256966570
etaWear,FEAC84C53DE7,1728464662143,2024-10-09T12:04:22.143,54.16000000000,0.99782590000,-0.06479089000,0.01178661000,0.00256966570
etaWear,FEAC84C53DE7,1728464662153,2024-10-09T12:04:22.153,54.17000000000,0.99782590000,-0.06479089000,0.01178661000,0.00256966570
etaWear,FEAC84C53DE7,1728464662163,2024-10-09T12:04:22.163,54.18000000000,0.99782590000,-0.06479089000,0.01178661000,0.00256966570
etaWear,FEAC84C53DE7,1728464662173,2024-10-09T12:04:22.173,54.19000000000,0.99782590000,-0.06479089000,0.01178661000,0.00256966570
etaWear,FEAC84C53DE7,1728464662183,2024-10-09T12:04:22.183,54.20000000000,0.99782590000,-0.06479089000,0.01178661000,0.00256966570
etaWear,FEAC84C53DE7,1728464662203,2024-10-09T12:04:22.203,54.22000000000,0.99782590000,-0.06479089000,0.01178661000,0.00256966570
etaWear,FEAC84C53DE7,1728464662213,2024-10-09T12:04:22.213,54.23000000000,0.99782650000,-0.06479075600,0.01173508500,0.00257301120
etaWear,FEAC84C53DE7,1728464662223,2024-10-09T12:04:22.223,54.24000000000,0.99782753000,-0.06479054000,0.01165107500,0.00257846620
etaWear,FEAC84C53DE7,1728464662233,2024-10-09T12:04:22.233,54.25000000000,0.99782753000,-0.06479054000,0.01165107500,0.00257846620
etaWear,FEAC84C53DE7,1728464662243,2024-10-09T12:04:22.243,54.26000000000,0.99782660000,-0.06479075600,0.01173513700,0.00257300800
etaWear,FEAC84C53DE7,1728464662263,2024-10-09T12:04:22.263,54.28000000000,0.99782550000,-0.06479099000,0.01182444950,0.00256720860
etaWear,FEAC84C53DE7,1728464662273,2024-10-09T12:04:22.273,54.29000000000,0.99782660000,-0.06479075000,0.01173168600,0.00257323200
etaWear,FEAC84C53DE7,1728464662293,2024-10-09T12:04:22.293,54.31000000000,0.99782770000,-0.06479050000,0.01163717200,0.00257936900
etaWear,FEAC84C53DE7,1728464662303,2024-10-09T12:04:22.303,54.32000000000,0.99782690000,-0.06479069600,0.01171072850,0.00257459280
etaWear,FEAC84C53DE7,1728464662313,2024-10-09T12:04:22.313,54.33000000000,0.99782690000,-0.06479069600,0.01171072850,0.00257459280
etaWear,FEAC84C53DE7,1728464662343,2024-10-09T12:04:22.343,54.36000000000,0.99782690000,-0.06479069600,0.01171072850,0.00257459280
etaWear,FEAC84C53DE7,1728464662353,2024-10-09T12:04:22.353,54.37000000000,0.99782690000,-0.06479069600,0.01171072850,0.00257459280
etaWear,FEAC84C53DE7,1728464662373,2024-10-09T12:04:22.373,54.39000000000,0.99782690000,-0.06479069600,0.01171072850,0.00257459280
etaWear,FEAC84C53DE7,1728464662383,2024-10-09T12:04:22.383,54.40000000000,0.99782690000,-0.06479069600,0.01171072850,0.00257459280
etaWear,FEAC84C53DE7,1728464662393,2024-10-09T12:04:22.393,54.41000000000,0.99782690000,-0.06479069600,0.01171072850,0.00257459280
etaWear,FEAC84C53DE7,1728464662403,2024-10-09T12:04:22.403,54.42000000000,0.99782690000,-0.06479069600,0.01171072850,0.00257459280
etaWear,FEAC84C53DE7,1728464662413,2024-10-09T12:04:22.413,54.43000000000,0.99782690000,-0.06479069600,0.01171072850,0.00257459280
etaWear,FEAC84C53DE7,1728464662423,2024-10-09T12:04:22.423,54.44000000000,0.99782690000,-0.06479069600,0.01171072850,0.00257459280
etaWear,FEAC84C53DE7,1728464662453,2024-10-09T12:04:22.453,54.47000000000,0.99782690000,-0.06479069600,0.01171072850,0.00257459280
etaWear,FEAC84C53DE7,1728464662463,2024-10-09T12:04:22.463,54.48000000000,0.99782690000,-0.06479069600,0.01171072850,0.00257459280
etaWear,FEAC84C53DE7,1728464662473,2024-10-09T12:04:22.473,54.49000000000,0.99782690000,-0.06479069600,0.01171072850,0.00257459280
etaWear,FEAC84C53DE7,1728464662493,2024-10-09T12:04:22.493,54.51000000000,0.99782690000,-0.06479069600,0.01171072850,0.00257459280
etaWear,FEAC84C53DE7,1728464662503,2024-10-09T12:04:22.503,54.52000000000,0.99782690000,-0.06479069600,0.01171072850,0.00257459280
etaWear,FEAC84C53DE7,1728464662513,2024-10-09T12:04:22.513,54.53000000000,0.99782690000,-0.06479069600,0.01171072850,0.00257459280
etaWear,FEAC84C53DE7,1728464662533,2024-10-09T12:04:22.533,54.55000000000,0.99782690000,-0.06479069600,0.01171072850,0.00257459280
etaWear,FEAC84C53DE7,1728464662543,2024-10-09T12:04:22.543,54.56000000000,0.99782690000,-0.06479069600,0.01171072850,0.00257459280
etaWear,FEAC84C53DE7,1728464662553,2024-10-09T12:04:22.553,54.57000000000,0.99782690000,-0.06479069600,0.01171072850,0.00257459280
etaWear,FEAC84C53DE7,1728464662563,2024-10-09T12:04:22.563,54.58000000000,0.99782690000,-0.06479069600,0.01171072850,0.00257459280
etaWear,FEAC84C53DE7,1728464662573,2024-10-09T12:04:22.573,54.59000000000,0.99782690000,-0.06479069600,0.01171072850,0.00257459280
etaWear,FEAC84C53DE7,1728464662583,2024-10-09T12:04:22.583,54.60000000000,0.99782690000,-0.06479069600,0.01171072850,0.00257459280
etaWear,FEAC84C53DE7,1728464662593,2024-10-09T12:04:22.593,54.61000000000,0.99782690000,-0.06479069600,0.01171072850,0.00257459280
etaWear,FEAC84C53DE7,1728464662613,2024-10-09T12:04:22.613,54.63000000000,0.99782690000,-0.06479069600,0.01171072850,0.00257459280
etaWear,FEAC84C53DE7,1728464662623,2024-10-09T12:04:22.623,54.64000000000,0.99782690000,-0.06479069600,0.01171072850,0.00257459280
etaWear,FEAC84C53DE7,1728464662633,2024-10-09T12:04:22.633,54.65000000000,0.99782690000,-0.06479069600,0.01171072850,0.00257459280
etaWear,FEAC84C53DE7,1728464662343,2024-10-09T12:04:22.343,54.36000000000,0.99782690000,-0.06479069600,0.01171072850,0.00257459280
etaWear,FEAC84C53DE7,1728464662353,2024-10-09T12:04:22.353,54.37000000000,0.99782690000,-0.06479069600,0.01171072850,0.00257459280
etaWear,FEAC84C53DE7,1728464662373,2024-10-09T12:04:22.373,54.39000000000,0.99782690000,-0.06479069600,0.01171072850,0.00257459280
etaWear,FEAC84C53DE7,1728464662383,2024-10-09T12:04:22.383,54.40000000000,0.99782690000,-0.06479069600,0.01171072850,0.00257459280
etaWear,FEAC84C53DE7,1728464662393,2024-10-09T12:04:22.393,54.41000000000,0.99782690000,-0.06479069600,0.01171072850,0.00257459280
etaWear,FEAC84C53DE7,1728464662403,2024-10-09T12:04:22.403,54.42000000000,0.99782690000,-0.06479069600,0.01171072850,0.00257459280
etaWear,FEAC84C53DE7,1728464662413,2024-10-09T12:04:22.413,54.43000000000,0.99782690000,-0.06479069600,0.01171072850,0.00257459280
etaWear,FEAC84C53DE7,1728464662423,2024-10-09T12:04:22.423,54.44000000000,0.99782690000,-0.06479069600,0.01171072850,0.00257459280
etaWear,FEAC84C53DE7,1728464662453,2024-10-09T12:04:22.453,54.47000000000,0.99782690000,-0.06479069600,0.01171072850,0.00257459280
etaWear,FEAC84C53DE7,1728464662463,2024-10-09T12:04:22.463,54.48000000000,0.99782690000,-0.06479069600,0.01171072850,0.00257459280
etaWear,FEAC84C53DE7,1728464662473,2024-10-09T12:04:22.473,54.49000000000,0.99782690000,-0.06479069600,0.01171072850,0.00257459280
etaWear,FEAC84C53DE7,1728464662493,2024-10-09T12:04:22.493,54.51000000000,0.99782690000,-0.06479069600,0.01171072850,0.00257459280
etaWear,FEAC84C53DE7,1728464662503,2024-10-09T12:04:22.503,54.52000000000,0.99782690000,-0.06479069600,0.01171072850,0.00257459280
etaWear,FEAC84C53DE7,1728464662513,2024-10-09T12:04:22.513,54.53000000000,0.99782690000,-0.06479069600,0.01171072850,0.00257459280
etaWear,FEAC84C53DE7,1728464662533,2024-10-09T12:04:22.533,54.55000000000,0.99782690000,-0.06479069600,0.01171072850,0.00257459280
etaWear,FEAC84C53DE7,1728464662543,2024-10-09T12:04:22.543,54.56000000000,0.99782690000,-0.06479069600,0.01171072850,0.00257459280
etaWear,FEAC84C53DE7,1728464662553,2024-10-09T12:04:22.553,54.57000000000,0.99782690000,-0.06479069600,0.01171072850,0.00257459280
etaWear,FEAC84C53DE7,1728464662563,2024-10-09T12:04:22.563,54.58000000000,0.99782690000,-0.06479069600,0.01171072850,0.00257459280
etaWear,FEAC84C53DE7,1728464662573,2024-10-09T12:04:22.573,54.59000000000,0.99782690000,-0.06479069600,0.01171072850,0.00257459280
etaWear,FEAC84C53DE7,1728464662583,2024-10-09T12:04:22.583,54.60000000000,0.99782690000,-0.06479069600,0.01171072850,0.00257459280
etaWear,FEAC84C53DE7,1728464662593,2024-10-09T12:04:22.593,54.61000000000,0.99782690000,-0.06479069600,0.01171072850,0.00257459280
etaWear,FEAC84C53DE7,1728464662613,2024-10-09T12:04:22.613,54.63000000000,0.99782690000,-0.06479069600,0.01171072850,0.00257459280
etaWear,FEAC84C53DE7,1728464662623,2024-10-09T12:04:22.623,54.64000000000,0.99782690000,-0.06479069600,0.01171072850,0.00257459280
