total_metrics:
  number_of_movements: 15
  pace_movements_per_second: 245901.6393442623
  mean_range_degrees: 33.6243479214053
  std_range_degrees: 35.12836564151494
  mean_duration_seconds: 1.2666666666666669e-06
  std_duration_seconds: 7.988086367179801e-07

