total_metrics:
  number_of_movements: 3
  pace_movements_per_second: 214285.7142857143
  mean_range_degrees: 12.570757520493023
  std_range_degrees: 2.798090222810469
  mean_duration_seconds: 1.3333333333333332e-06
  std_duration_seconds: 1.5275252316519466e-06

