total_metrics:
  ***************LIMU1 RIGHT*************:
    number_of_movements: 23
    pace_movements_per_second: 1474.3589743589744
    mean_combined_range_degrees: 0.4556828176087783
    std_combined_range_degrees: 0.5705351624152473
    mean_duration_seconds: 0.00031391304347826084
    std_duration_seconds: 0.00015862302740186993
    Exersice_duration: 0.0156
    movement_duration: [9e-05, 0.00041, 0.00057, 0.00017, 0.00023, 0.00057, 0.0002, 0.00028, 0.00047, 0.00039, 0.00012, 0.0001, 0.00017, 0.00051, 9e-05, 0.00023, 0.00034, 0.00023, 0.00049, 0.00032, 0.00032, 0.00053, 0.00039]

  ***************LIMU2 LEFT*************:
    number_of_movements: 12
    pace_movements_per_second: 1560.4681404421326
    mean_combined_range_degrees: 0.701630698441489
    std_combined_range_degrees: 0.0
    mean_duration_seconds: 0.00036
    std_duration_seconds: 0.0
    Exersice_duration: 0.01538
    movement_duration: [0.00036, 0.00036, 0.00036, 0.00036, 0.00036, 0.00036, 0.00036, 0.00036, 0.00036, 0.00036, 0.00036, 0.00036, 0.00036, 0.00036, 0.00036, 0.00036, 0.00036, 0.00036, 0.00036, 0.00036, 0.00036, 0.00036, 0.00036, 0.00036]

