total_metrics:
  ***************LIMU1 RIGHT*************:
    number_of_movements: 16
    pace_movements_per_second: 261.35249918327344
    mean_combined_range_degrees: 0.02921367536734911
    std_combined_range_degrees: 0.00676068519175757
    mean_duration_seconds: 0.000593125
    std_duration_seconds: 0.0005137926786814567
    Exersice_duration: 0.06122
    movement_duration: [0.0007, 0.00032, 0.00144, 0.00042, 0.00081, 0.00025, 0.0001, 0.0002, 0.0004, 0.00036, 0.00061, 0.00039, 0.00038, 0.00206, 0.00086, 0.00019]

  ***************LIMU2 LEFT*************:
    number_of_movements: 32
    pace_movements_per_second: 528.4015852047556
    mean_combined_range_degrees: 0.039967424695579665
    std_combined_range_degrees: 0.0
    mean_duration_seconds: 0.00035
    std_duration_seconds: 0.0
    Exersice_duration: 0.06056
    movement_duration: [0.00035, 0.00035, 0.00035, 0.00035, 0.00035, 0.00035, 0.00035, 0.00035, 0.00035, 0.00035, 0.00035, 0.00035, 0.00035, 0.00035, 0.00035, 0.00035, 0.00035, 0.00035, 0.00035, 0.00035, 0.00035, 0.00035, 0.00035, 0.00035, 0.00035, 0.00035, 0.00035, 0.00035, 0.00035, 0.00035, 0.00035, 0.00035]

